#Genomes with additional copies compared to other genomes
#Homology group identifier, number of additional copies compared to the lowest number in a homology group (at least 1).

#Genome 1
Core
 431467, 1
 431468, 1
 431469, 1
 1168243, 1
 1168597, 1
 1169015, 1
 1169330, 1
 1169410, 1
 1169703, 1
 1170371, 1
 1170711, 1

Accessory
 431470, 3
 1167958, 1
 1167961, 1
 1167964, 1
 1168071, 1
 1168198, 1
 1168250, 1
 1168277, 1
 1168343, 1
 1168360, 1
 1168768, 1
 1168769, 1
 1168777, 1
 1169534, 1
 1169601, 1
 1169667, 1
 1169869, 1
 1170519, 1
 1170601, 1

#Genome 2
Core
 1169015, 1
 1169330, 1
 1169729, 1

Accessory
 431470, 2
 431472, 1
 1167958, 1
 1167964, 1
 1168250, 1
 1168277, 1
 1168343, 1
 1168359, 2
 1168730, 2
 1169534, 1
 1170052, 1
 1170519, 1
 1170873, 1

#Genome 3
Core
 1168243, 2
 1169015, 1

Accessory
 1167960, 1
 1168361, 2
 1168627, 1
 1168768, 1
 1169726, 1
 1170052, 1
 1170064, 1
 1170265, 1
 1170519, 1
 1170554, 1
 1171313, 1

#Genome 4
Core
 1169015, 1

Accessory
 431470, 3
 1167960, 1
 1167980, 2
 1168198, 1
 1168250, 1
 1168277, 1
 1168343, 1
 1168359, 2
 1168370, 1
 1168535, 1
 1168768, 1
 1168769, 1
 1169534, 1
 1169596, 1
 1169601, 1
 1169700, 1
 1170162, 1
 1170178, 1
 1170519, 1

#Genome 5
Core
 1168243, 1
 1169015, 1

Accessory
 1167958, 3
 1167962, 2
 1168244, 1
 1168248, 1
 1168261, 1
 1168359, 3
 1168768, 1
 1168785, 1
 1169139, 1
 1169699, 1
 1170978, 1
 1171165, 1

#Genome 6
Core
 1168243, 5
 1169015, 1

Accessory
 431470, 1
 1167961, 1
 1168102, 1
 1168125, 1
 1168359, 2
 1168768, 1
 1168769, 1
 1168938, 1
 1169870, 1
 1170162, 1
 1170492, 1
 1171598, 6

#Genome 7
Core
 1168243, 3
 1169015, 1
 1170363, 1

Accessory
 1167958, 1
 1168244, 2
 1168251, 2
 1168266, 1
 1168359, 2
 1169847, 1
 1169872, 1
 1170052, 1
 1170099, 1
 1170162, 1
 1170599, 1

#Genome 8
Core
 431467, 1
 431468, 2
 431469, 3
 1168243, 3
 1169015, 1
 1170363, 1

Accessory
 1167958, 1
 1167961, 1
 1167966, 1
 1167968, 1
 1168071, 1
 1168072, 1
 1168244, 2
 1168251, 2
 1168266, 1
 1168359, 2
 1169847, 1
 1169872, 1
 1170052, 1
 1170099, 1
 1170162, 1
 1170599, 1
 1171271, 2

#Genome 9
Core
 1168243, 4
 1169015, 1
 1170363, 1
 1171101, 1
 1171103, 1

Accessory
 431470, 1
 431471, 1
 1167960, 2
 1167967, 1
 1167973, 2
 1168071, 1
 1168244, 2
 1168259, 1
 1168342, 2
 1168359, 2
 1168768, 1
 1168769, 2
 1168774, 1
 1168778, 1
 1168936, 1
 1168937, 1
 1168983, 1
 1169534, 1
 1170052, 1
 1171105, 1
 1171107, 1
 1171819, 9
 1171947, 1
 1172007, 2
 1172009, 2

#Genome 10
Core
 1168243, 2
 1169015, 1
 1169684, 1

Accessory
 1167958, 1
 1167959, 1
 1167962, 1
 1167969, 1
 1168001, 1
 1168070, 1
 1168245, 1
 1168247, 6
 1168359, 2
 1168372, 1
 1168535, 2
 1169324, 12
 1169415, 1
 1169420, 1
 1169951, 2
 1169952, 2
 1170099, 1
 1170162, 2
 1170178, 1
 1170265, 1
 1171363, 1
 1171873, 12

#Genome 11
Core
 1168243, 2
 1169015, 1

Accessory
 1167960, 1
 1168361, 2
 1168627, 1
 1168768, 1
 1169726, 1
 1170052, 1
 1170064, 1
 1170265, 1
 1170519, 1
 1170554, 1
 1171313, 1

#Genome 12
Core
 1168243, 8
 1169015, 1

Accessory
 431470, 14
 1167959, 2
 1168256, 1
 1168266, 1
 1168276, 1
 1168297, 1
 1168359, 3
 1168636, 1
 1169869, 1
 1170519, 1

#Genome 13
Core
 431467, 1
 431468, 1
 431469, 1
 1168243, 2
 1168524, 1
 1169015, 1
 1169716, 1
 1170637, 1
 1171096, 1
 1171097, 1
 1171099, 3
 1171101, 6
 1171102, 4
 1171103, 5

Accessory
 1167958, 1
 1167961, 1
 1167966, 1
 1167968, 3
 1167990, 1
 1167996, 1
 1167997, 1
 1168071, 1
 1168072, 1
 1168359, 3
 1168768, 1
 1168854, 1
 1169407, 1
 1169924, 1
 1170099, 1
 1171104, 5
 1171105, 5
 1171107, 5
 1171271, 1
 1171505, 5
 1171506, 3
 1171598, 9

#Genome 14
Core
 1168243, 2

Accessory
 431470, 2
 431471, 1
 1167959, 2
 1167961, 1
 1168244, 1
 1168247, 9
 1168323, 1
 1168359, 4
 1168686, 1
 1168768, 2
 1169321, 1
 1169443, 1
 1169925, 1
 1169952, 1
 1170756, 1
 1171710, 1
 1172275, 1

#Genome 15
Core
 1168075, 1
 1168243, 1
 1169015, 1
 1169777, 1

Accessory
 1167958, 4
 1167962, 2
 1167993, 1
 1168244, 1
 1168248, 1
 1168261, 1
 1168359, 2
 1168610, 1
 1168785, 1
 1168795, 1
 1169139, 1
 1169699, 1
 1170978, 1
 1171333, 1
 1171363, 1

#Genome 16
Core
 1168243, 1
 1168436, 1
 1168495, 1
 1169151, 1
 1169213, 1
 1169637, 1
 1169688, 1
 1169759, 1
 1170126, 1
 1170391, 1
 1170590, 1

Accessory
 431470, 2
 431471, 1
 1168007, 1
 1168244, 1
 1168247, 6
 1168342, 1
 1168359, 3
 1168627, 1
 1168686, 1
 1168768, 3
 1169443, 1
 1169628, 1
 1169925, 1
 1169966, 1
 1170756, 1
 1171710, 1

#Genome 17
Core
 1168243, 4
 1169015, 1
 1169632, 1
 1170363, 1

Accessory
 431470, 3
 1167958, 1
 1167959, 1
 1167964, 1
 1168125, 1
 1168244, 1
 1168245, 1
 1168248, 1
 1168249, 1
 1168270, 1
 1168359, 1
 1168535, 1
 1168774, 1
 1169601, 1
 1170052, 1
 1170162, 1
 1170332, 1
 1170374, 1
 1170756, 1
 1170890, 1
 1171435, 1
 1171436, 1
 1171437, 1
 1171438, 1
 1171448, 1
 1171449, 1
 1171450, 1
 1171451, 1
 1171598, 1
 1171710, 2
 1172423, 1
 1172424, 1
 1172425, 1
 1172426, 1

#Genome 18
Core
 1168195, 1
 1168243, 1
 1169220, 1
 1170122, 1
 1170801, 1

Accessory
 431470, 1
 1168009, 1
 1168113, 1
 1168768, 1
 1169324, 6
 1169544, 1
 1169687, 1
 1169953, 1
 1170162, 1
 1170165, 1
 1170333, 1
 1170412, 2
 1170460, 1
 1171037, 1
 1171598, 6
 1171873, 6

#Genome 19
Core
 1168243, 5
 1169015, 1
 1169156, 1

Accessory
 431470, 1
 1168102, 1
 1168125, 1
 1168359, 2
 1168768, 1
 1168769, 1
 1169870, 1
 1170162, 1
 1170492, 1
 1171050, 1
 1171598, 6

#Genome 20
Core
 1168243, 1
 1169015, 1
 1170091, 1

Accessory
 1167958, 2
 1168245, 5
 1168251, 2
 1168257, 2
 1168327, 1
 1168359, 2
 1168409, 1
 1168768, 1
 1170162, 1
 1170519, 1
 1171329, 1
 1171598, 2

#Genome 21
Core
 1168243, 2

Accessory
 1167989, 1
 1168244, 1
 1168359, 3
 1168370, 1
 1168535, 1
 1168641, 1
 1168768, 2
 1168777, 1
 1170037, 1
 1172154, 1
 1172889, 1

#Genome 22
Core
 1168243, 8
 1168520, 1
 1168548, 1
 1169015, 1
 1169782, 1
 1169829, 1
 1170232, 1
 1170795, 1
 1170865, 1

Accessory
 431470, 7
 431472, 1
 1167958, 4
 1167960, 1
 1167962, 2
 1167976, 1
 1168015, 1
 1168130, 1
 1168198, 1
 1168244, 1
 1168311, 1
 1168359, 4
 1168627, 1
 1168649, 1
 1168704, 1
 1168769, 3
 1168777, 1
 1168938, 1
 1168950, 1
 1168952, 1
 1168954, 1
 1169062, 1
 1169139, 1
 1169443, 1
 1169461, 1
 1169539, 1
 1169547, 1
 1169923, 1
 1170035, 1
 1170037, 1
 1170052, 1
 1170064, 1
 1170204, 1
 1170409, 1
 1170470, 1
 1170601, 1
 1171350, 1
 1171678, 2
 1171679, 1
 1172902, 1
 1172937, 1
 1172938, 1

#Genome 23
Core
 1168243, 4
 1169015, 1
 1169270, 1
 1170363, 1

Accessory
 431470, 1
 1167958, 1
 1167959, 1
 1167969, 1
 1168245, 1
 1168248, 1
 1168270, 2
 1168356, 1
 1168361, 2
 1168908, 1
 1169269, 1
 1169534, 1
 1170052, 1
 1170374, 1
 1170756, 1
 1170890, 1
 1171374, 1
 1171598, 1
 1171878, 1

#Genome 24
Core
 1168243, 6
 1169015, 1
 1170914, 1

Accessory
 1167959, 1
 1167963, 1
 1168102, 1
 1168125, 1
 1168245, 1
 1168359, 3
 1168601, 1
 1168768, 1
 1168769, 1
 1170162, 2
 1170204, 1
 1170492, 1
 1171598, 4

#Genome 25
Core
 1168243, 2
 1169224, 1
 1169424, 1
 1169688, 1
 1169821, 1

Accessory
 431472, 1
 1167958, 2
 1168130, 1
 1168535, 1
 1171476, 1
 1172076, 1

#Genome 26
Core
 1168243, 6
 1169015, 1

Accessory
 431470, 14
 1167958, 1
 1167959, 2
 1168244, 1
 1168272, 1
 1168359, 2
 1168535, 1
 1168636, 1
 1168778, 1
 1169869, 1
 1170519, 1

#Genome 27
Core
 1168243, 1
 1168548, 1
 1169015, 1

Accessory
 1167958, 3
 1167962, 2
 1168244, 1
 1168248, 1
 1168261, 1
 1168359, 3
 1168768, 1
 1168785, 1
 1169139, 1
 1169699, 1
 1170978, 1
 1171165, 1

#Genome 28
Core
 1168243, 1
 1169015, 1
 1169091, 1

Accessory
 1167958, 3
 1167962, 2
 1168244, 1
 1168248, 1
 1168261, 1
 1168359, 3
 1168768, 1
 1168785, 1
 1169139, 1
 1169699, 1
 1170978, 1
 1171165, 1

#Genome 29
Core
 1168243, 5
 1169015, 1
 1170665, 1
 1170684, 1

Accessory
 1167971, 1
 1167973, 1
 1167976, 1
 1168244, 1
 1168245, 4
 1168364, 1
 1168395, 1
 1168601, 1
 1168777, 1
 1170052, 1
 1170374, 1
 1170668, 1
 1170700, 1
 1170756, 1
 1170890, 1
 1171124, 1
 1171125, 1
 1171126, 1
 1171582, 1
 1171598, 2
 1171819, 3
 1171878, 1

#Genome 30
Core
 1168075, 1
 1168243, 1

Accessory
 1168070, 1
 1168359, 1
 1168780, 1
 1168808, 1
 1169061, 1
 1170037, 2
 1170162, 1
 1170332, 1
 1170756, 1
 1171140, 1

#Genome 31
Core
 1168243, 3
 1169015, 1
 1170363, 1

Accessory
 1167958, 1
 1168244, 2
 1168251, 2
 1168266, 1
 1168359, 2
 1169847, 1
 1169872, 1
 1170052, 1
 1170099, 1
 1170162, 1
 1170599, 1

#Genome 32
Core
 1168243, 7
 1169015, 1
 1170637, 1
 1170865, 1

Accessory
 431470, 1
 1167958, 3
 1167998, 2
 1168008, 1
 1168026, 1
 1168109, 1
 1168248, 1
 1168249, 1
 1168256, 1
 1168266, 2
 1168271, 2
 1168359, 2
 1168702, 1
 1168768, 1
 1168776, 1
 1168802, 1
 1169009, 1
 1169952, 1
 1170159, 1
 1170162, 1
 1170166, 1
 1170178, 1
 1170332, 1
 1171464, 1
 1171598, 9

#Genome 33
Core
 1168160, 1
 1168243, 2
 1169015, 1
 1169176, 1
 1170977, 1

Accessory
 1167959, 1
 1167960, 1
 1168361, 2
 1168627, 1
 1169726, 1
 1170052, 1
 1170265, 1
 1170519, 1
 1170554, 1
 1171236, 1
 1171313, 1

#Genome 34
Core
 1168243, 6
 1169015, 1
 1169256, 1

Accessory
 431470, 15
 1167958, 1
 1167959, 2
 1168244, 1
 1168272, 1
 1168359, 2
 1168535, 1
 1168636, 1
 1168778, 1
 1169869, 1
 1170519, 1

#Genome 35
Core
 1168243, 6
 1169816, 1

Accessory
 431470, 2
 1167960, 1
 1167982, 1
 1168102, 1
 1168125, 1
 1168359, 1
 1168601, 1
 1168768, 2
 1168769, 1
 1169449, 1
 1170052, 1
 1170162, 1
 1170204, 1
 1170492, 1

#Genome 36
Core
 1168243, 6
 1169015, 1
 1169224, 1
 1169808, 1
 1169825, 1
 1169984, 1
 1170250, 1

Accessory
 431470, 1
 431471, 1
 1167974, 1
 1167981, 1
 1167984, 1
 1167985, 1
 1168058, 1
 1168249, 1
 1168359, 3
 1168768, 2
 1168954, 1
 1169687, 1
 1169726, 1
 1170037, 1
 1170332, 1
 1170374, 1
 1170554, 1
 1171374, 1
 1171423, 1
 1171424, 1
 1171427, 1
 1171598, 1
 1172007, 4
 1172009, 4

#Genome 37
Core
 1168243, 2
 1169015, 1
 1171102, 1
 1171103, 1

Accessory
 431470, 4
 1167958, 1
 1167962, 1
 1167982, 1
 1168071, 1
 1168251, 1
 1168271, 1
 1168314, 1
 1168359, 1
 1168527, 1
 1168772, 1
 1168775, 1
 1169104, 1
 1169403, 1
 1169726, 1
 1169839, 1
 1170158, 1
 1170162, 1
 1170519, 1
 1171086, 1
 1171104, 1
 1171105, 3
 1171107, 3

#Genome 38
Core
 1168243, 6
 1169015, 1
 1169106, 1
 1170713, 1
 1170721, 1
 1170725, 1

Accessory
 1167959, 1
 1167963, 1
 1167998, 1
 1168244, 1
 1168245, 4
 1168248, 2
 1168270, 1
 1168361, 2
 1168535, 1
 1168730, 1
 1169534, 1
 1169601, 1
 1169726, 1
 1170052, 1
 1170374, 1
 1170756, 1
 1170890, 1
 1171374, 1
 1171433, 1
 1171598, 1
 1171878, 1
 1172598, 1
 1172837, 1

#Genome 39
Core
 1168243, 2
 1169015, 1
 1171101, 1

Accessory
 431470, 2
 1167960, 1
 1167961, 1
 1167972, 1
 1168244, 2
 1168359, 3
 1168372, 1
 1168535, 1
 1169377, 1
 1169534, 1
 1169870, 1
 1171598, 4

#Genome 40
Core
 1168243, 2
 1169015, 1
 1169629, 1

Accessory
 1167959, 1
 1167960, 1
 1168070, 1
 1168361, 2
 1168627, 1
 1168768, 1
 1169726, 1
 1170052, 1
 1170265, 1
 1170519, 1
 1170554, 1
 1171313, 1

#Genome 41
Core
 1168243, 3
 1168765, 1
 1169506, 1

Accessory
 431470, 2
 1167959, 1
 1168245, 1
 1168248, 1
 1168252, 3
 1168304, 2
 1168359, 3
 1168768, 1
 1170756, 1
 1171329, 1
 1171598, 4
 1171771, 1

#Genome 42
Core
 1168243, 1
 1169015, 1

Accessory
 1167959, 1
 1167960, 1
 1168361, 2
 1168627, 1
 1168768, 1
 1169475, 1
 1169726, 1
 1170052, 1
 1170265, 1
 1170519, 1
 1170554, 1
 1171313, 1

#Genome 43
Core
 1168243, 3
 1169015, 1
 1170741, 1

Accessory
 1167958, 1
 1167982, 1
 1168249, 2
 1168271, 3
 1168359, 3
 1168535, 1
 1168772, 2
 1168938, 2
 1168944, 2
 1168947, 1
 1168949, 1
 1168952, 1
 1168983, 1
 1168986, 1
 1169544, 1
 1169755, 1
 1169869, 1
 1170162, 1
 1170332, 1
 1170402, 1

#Genome 44
Core
 1168243, 4
 1169015, 1
 1170854, 1

Accessory
 431470, 10
 1167958, 1
 1168000, 1
 1168255, 3
 1168256, 1
 1168359, 1
 1168375, 1
 1168395, 1
 1168768, 1
 1169952, 1
 1170035, 1
 1170040, 1
 1170162, 1
 1170265, 1
 1171120, 1
 1171586, 1
 1172685, 1
 1173291, 1
 1173679, 1

#Genome 45
Core
 1169015, 1
 1169330, 1

Accessory
 431470, 12
 1167958, 1
 1167964, 1
 1168250, 1
 1168277, 1
 1168343, 1
 1168359, 2
 1168452, 1
 1169534, 1
 1170145, 1
 1170162, 1
 1170469, 1
 1170492, 1
 1170519, 1

#Genome 46
Core
 1168243, 1
 1169015, 1
 1169091, 1

Accessory
 1167958, 3
 1167962, 2
 1168244, 1
 1168248, 1
 1168261, 1
 1168359, 3
 1168768, 1
 1168785, 1
 1169139, 1
 1169699, 1
 1170978, 1
 1171165, 1

#Genome 47
Core
 1168243, 6
 1169015, 1

Accessory
 431470, 8
 1167959, 1
 1167964, 1
 1168276, 1
 1168359, 2
 1168775, 1
 1169117, 1
 1170052, 1
 1170099, 1
 1170890, 1
 1170923, 1
 1171598, 8

#Genome 48
Core
 1168243, 1
 1169015, 1
 1169330, 1

Accessory
 431470, 5
 1167958, 2
 1167960, 1
 1167964, 1
 1168359, 1
 1168361, 1
 1168817, 1
 1169104, 1
 1169534, 1
 1169726, 1
 1170052, 1
 1170519, 1
 1171105, 1

#Genome 49
Core
 1168243, 3
 1169015, 1
 1170932, 1

Accessory
 1167958, 1
 1167964, 1
 1167982, 2
 1167985, 1
 1168005, 1
 1168125, 1
 1168245, 1
 1168249, 1
 1168271, 1
 1168280, 1
 1168359, 1
 1168774, 1
 1168790, 1
 1168938, 1
 1169726, 1
 1170162, 1
 1170178, 1
 1170332, 1
 1170501, 1
 1171531, 1
 1171536, 1
 1171569, 1
 1171816, 1
 1172140, 1

#Genome 50
Core
 1168243, 1
 1169015, 1
 1169033, 1

Accessory
 431470, 1
 1167960, 1
 1167964, 2
 1167977, 2
 1168250, 1
 1168343, 1
 1168359, 2
 1168646, 1
 1168772, 2
 1169324, 6
 1169534, 1
 1169588, 1
 1169601, 1
 1169914, 1
 1170162, 1
 1170332, 1
 1170978, 1
 1171329, 1
 1171598, 14
 1171861, 1
 1171873, 6
 1173831, 1

#Genome 51
Core
 1168243, 6
 1169015, 1

Accessory
 1167959, 1
 1167963, 1
 1168125, 1
 1168245, 1
 1168359, 3
 1168768, 1
 1169870, 1
 1170204, 1
 1170492, 1
 1171329, 1
 1171598, 4

#Genome 52
Core
 1168243, 4
 1169015, 1
 1169863, 1

Accessory
 1168245, 1
 1168359, 2
 1168702, 1
 1168768, 1
 1168790, 1
 1170519, 1
 1171598, 2
 1172823, 1

#Genome 53
Core
 1168243, 7
 1169015, 1

Accessory
 1167959, 1
 1167961, 1
 1167963, 1
 1168125, 1
 1168245, 1
 1168359, 3
 1168601, 1
 1168768, 1
 1168769, 1
 1170162, 2
 1170204, 1
 1170492, 1
 1171598, 5
 1171675, 1

#Genome 54
Core
 1168243, 1
 1168548, 1
 1169015, 1

Accessory
 1167958, 3
 1167962, 2
 1168244, 1
 1168248, 1
 1168261, 1
 1168359, 3
 1168768, 1
 1168785, 1
 1169139, 1
 1169699, 1
 1170978, 1
 1171165, 1

#Genome 55
Core
 1168243, 8
 1168495, 1
 1169015, 1
 1169384, 1
 1170312, 1
 1170946, 1

Accessory
 1167958, 1
 1167971, 7
 1167975, 12
 1168208, 1
 1168249, 1
 1168250, 2
 1168252, 2
 1168254, 2
 1168260, 2
 1168267, 3
 1168317, 1
 1168361, 1
 1168535, 1
 1168719, 1
 1168901, 1
 1168921, 1
 1169143, 1
 1169406, 1
 1169408, 1
 1169409, 1
 1169927, 1
 1169970, 1
 1170190, 2
 1170492, 1
 1170752, 1
 1171005, 1
 1171126, 1
 1171374, 1
 1171457, 1
 1171710, 1
 1171808, 1
 1172060, 2
 1172631, 1

#Genome 56
Core
 1168243, 5
 1168495, 1
 1170361, 1
 1170363, 1

Accessory
 1167959, 2
 1168071, 1
 1168244, 2
 1168248, 1
 1168249, 1
 1168263, 1
 1168270, 1
 1168360, 1
 1168535, 1
 1169534, 1
 1170052, 1
 1170332, 1
 1170374, 1
 1170756, 1
 1170890, 1
 1171374, 1
 1171878, 1

#Genome 57
Core
 1168243, 2
 1169015, 1
 1169521, 1

Accessory
 431470, 2
 431471, 1
 1167959, 2
 1168244, 1
 1168247, 9
 1168342, 1
 1168359, 4
 1168686, 1
 1168768, 2
 1169925, 1
 1169952, 1
 1170756, 1
 1171880, 1

#Genome 58
Core
 1168243, 4
 1169015, 1
 1169213, 1

Accessory
 431470, 10
 1167958, 1
 1168000, 1
 1168255, 3
 1168256, 1
 1168359, 1
 1168375, 1
 1168395, 1
 1168452, 1
 1168778, 1
 1168782, 1
 1169952, 1
 1170035, 1
 1170040, 1
 1170162, 1
 1171586, 1
 1172685, 1
 1173291, 1
 1173679, 1

#Genome 59
Core
 1168243, 2
 1169015, 1
 1170828, 1

Accessory
 431470, 1
 1167959, 1
 1167960, 2
 1167977, 1
 1168359, 1
 1168360, 1
 1168768, 2
 1170052, 1
 1170064, 1
 1170162, 1
 1170178, 1
 1170265, 1
 1170492, 1
 1170519, 1
 1170554, 1
 1171313, 1
 1171598, 5

#Genome 60
Core
 1168243, 1
 1169015, 1
 1170312, 1
 1170453, 1
 1170579, 1

Accessory
 431470, 1
 431471, 1
 1167960, 1
 1167964, 1
 1167977, 1
 1168237, 1
 1168250, 1
 1168343, 1
 1168359, 1
 1168772, 2
 1169324, 15
 1169588, 1
 1169601, 1
 1170162, 1
 1170265, 1
 1170332, 1
 1170978, 1
 1171329, 1
 1171598, 17
 1171673, 1
 1171873, 15

#Genome 61
Core
 1168243, 1
 1169015, 1
 1169091, 1
 1170089, 1

Accessory
 1167958, 3
 1167962, 2
 1168244, 2
 1168248, 1
 1168261, 1
 1168359, 3
 1168768, 1
 1168785, 1
 1169139, 1
 1169699, 1
 1170978, 1
 1171165, 1

#Genome 62
Core
 1168243, 4
 1169015, 1
 1170112, 1

Accessory
 431470, 7
 1167965, 1
 1168255, 1
 1168256, 1
 1168359, 2
 1168375, 1
 1168395, 1
 1168768, 1
 1168769, 1
 1169129, 1
 1169952, 1
 1170035, 1
 1170040, 1
 1170043, 1
 1170332, 1
 1171350, 1
 1171598, 5
 1172969, 1
 1173291, 2
 1173755, 1

#Genome 63
Core
 1168243, 1
 1169015, 1
 1169330, 1
 1169641, 1
 1170934, 1

Accessory
 431470, 4
 1167958, 2
 1167960, 1
 1167964, 1
 1168359, 1
 1168360, 1
 1168817, 1
 1169104, 1
 1169534, 1
 1170052, 1
 1170519, 1
 1171005, 1
 1171105, 1

#Genome 64
Core
 1168243, 4
 1169015, 1
 1170684, 1

Accessory
 431470, 1
 431471, 1
 1167958, 1
 1168244, 1
 1168267, 1
 1168359, 1
 1168409, 1
 1169324, 2
 1169476, 1
 1170052, 1
 1170315, 1
 1170332, 1
 1170922, 1
 1170954, 1
 1171873, 2

#Genome 65
Core
 1168243, 8
 1169015, 1
 1169982, 1
 1170134, 1

Accessory
 431470, 18
 1167959, 2
 1168244, 2
 1168276, 1
 1168359, 3
 1168636, 1
 1169869, 1
 1170519, 1
 1172076, 1

#Genome 66
Core
 1168243, 1
 1169015, 1
 1170363, 1
 1170931, 1

Accessory
 431471, 1
 1167964, 1
 1168359, 1
 1168535, 1
 1169104, 1
 1169545, 1
 1170052, 1
 1170186, 1
 1170392, 1
 1170985, 1
 1171126, 1
 1171173, 1
 1172197, 1
 1173288, 1

#Genome 67
Core
 1168243, 6
 1169015, 1
 1170363, 1
 1170439, 1

Accessory
 431470, 1
 1167959, 1
 1167968, 1
 1168244, 1
 1168249, 1
 1168270, 1
 1168359, 1
 1168535, 1
 1168776, 1
 1168907, 1
 1169534, 1
 1169687, 1
 1170052, 1
 1170332, 1
 1170374, 1
 1170756, 1
 1170890, 1
 1171374, 1
 1171598, 1
 1171819, 2
 1171878, 1

#Genome 68
Core
 1168243, 1
 1168478, 1
 1169015, 1
 1169151, 1
 1169901, 1
 1170662, 1
 1170904, 1

Accessory
 431470, 6
 1167959, 1
 1168009, 2
 1168129, 1
 1168244, 1
 1168260, 1
 1168306, 1
 1168359, 2
 1168680, 1
 1168768, 2
 1168774, 1
 1168852, 1
 1169104, 1
 1169128, 1
 1169377, 1
 1169411, 1
 1169844, 1
 1169928, 1
 1169953, 1
 1170052, 1
 1170189, 1
 1170265, 1
 1171039, 1
 1172813, 1

#Genome 69
Core
 1168243, 1
 1168548, 1
 1169015, 1

Accessory
 1167958, 3
 1167962, 2
 1168244, 1
 1168248, 1
 1168261, 1
 1168359, 3
 1168768, 1
 1168785, 1
 1169139, 1
 1169699, 1
 1170978, 1
 1171165, 1

#Genome 70
Core
 1168243, 1
 1169015, 1
 1169106, 1

Accessory
 431470, 3
 1167958, 1
 1167960, 1
 1168244, 2
 1168245, 1
 1168249, 1
 1168278, 1
 1168359, 3
 1168535, 1
 1168702, 1
 1168769, 2
 1169056, 1
 1169324, 9
 1169657, 1
 1169699, 1
 1170035, 1
 1170037, 1
 1170052, 1
 1170099, 1
 1171329, 1
 1171816, 1
 1171873, 9
 1171877, 1

#Genome 71
Core
 1168243, 1
 1169015, 1

Accessory
 431470, 1
 431471, 1
 1167960, 1
 1168001, 1
 1168245, 1
 1168253, 1
 1168259, 1
 1168359, 3
 1168371, 1
 1168646, 1
 1168768, 1
 1168940, 1
 1168944, 1
 1168947, 1
 1168950, 1
 1168952, 1
 1168954, 1
 1169167, 1
 1169601, 1
 1169954, 1
 1170898, 1
 1171329, 1
 1171598, 5
 1171610, 1
 1171775, 1
 1171949, 1
 1171950, 1
 1172430, 1
 1172431, 1
 1172433, 1
 1172434, 1
 1172435, 1
 1172436, 1
 1172437, 1
 1172438, 1
 1172439, 1
 1172440, 1
 1172444, 1
 1172446, 1
 1172447, 2
 1172448, 2
 1172454, 1
 1172456, 1
 1172457, 1
 1172458, 1
 1172460, 1
 1172461, 1
 1172462, 1
 1172463, 1
 1172464, 1
 1172466, 1
 1172467, 1
 1172468, 1
 1172469, 1
 1172470, 1
 1172473, 1
 1172476, 1
 1172902, 1
 1172953, 1
 1172954, 1
 1172957, 1
 1172958, 2
 1172960, 1
 1173346, 1
 1174124, 1
 1174130, 1
 1174210, 2
 1174211, 2
 1174235, 2

#Genome 72
Core
 1168243, 6
 1169015, 1

Accessory
 431470, 13
 1167958, 1
 1167959, 2
 1168244, 1
 1168272, 1
 1168359, 2
 1168535, 1
 1168636, 1
 1168778, 1
 1169869, 1
 1170519, 1
 1171167, 1
 1172274, 1

#Genome 73
Core
 1168243, 1
 1169015, 1

Accessory
 1167958, 2
 1167961, 1
 1167962, 1
 1168001, 1
 1168245, 3
 1168247, 5
 1168359, 1
 1168372, 1
 1168535, 2
 1168613, 1
 1169324, 12
 1169415, 1
 1169726, 1
 1170099, 1
 1170162, 2
 1170178, 1
 1170265, 1
 1170334, 1
 1171363, 1
 1171873, 12
 1174394, 1

#Genome 74
Core
 1168243, 5
 1169015, 1

Accessory
 431470, 12
 1167959, 2
 1167963, 1
 1168251, 2
 1168297, 1
 1168359, 3
 1169869, 1
 1170099, 1
 1170519, 1

#Genome 75
Core
 1168243, 7
 1169015, 1

Accessory
 431470, 16
 1167958, 1
 1167959, 2
 1168250, 1
 1168272, 2
 1168359, 3
 1169869, 1
 1170519, 1

#Genome 76
Core
 1168243, 4
 1169015, 1

Accessory
 431470, 12
 431471, 1
 431472, 1
 1167959, 1
 1167960, 1
 1167964, 1
 1168245, 1
 1168278, 1
 1168360, 1
 1168601, 1
 1168774, 1
 1169056, 1
 1169324, 1
 1169400, 1
 1169539, 1
 1169699, 1
 1169952, 1
 1170034, 1
 1170037, 1
 1170052, 1
 1170162, 1
 1170178, 1
 1170492, 1
 1170501, 1
 1170890, 1
 1171433, 1
 1171598, 2
 1171878, 1

#Genome 77
Core
 1168243, 1
 1169015, 1
 1170091, 1

Accessory
 1167958, 2
 1168245, 5
 1168251, 2
 1168257, 2
 1168359, 2
 1168409, 2
 1168768, 1
 1170162, 1
 1170519, 1
 1171329, 1
 1171598, 2

#Genome 78
Core
 1168243, 1
 1169219, 1

Accessory
 1168244, 1
 1168245, 1
 1168250, 2
 1168303, 1
 1168359, 2
 1168641, 1
 1170052, 1
 1170162, 2
 1170178, 1
 1170332, 1
 1170485, 1
 1170492, 1
 1171086, 1
 1171579, 1
 1171873, 1

#Genome 79
Core
 1168243, 3
 1168491, 1
 1169015, 2
 1170449, 1
 1171019, 1

Accessory
 431471, 1
 1167959, 2
 1167960, 1
 1167961, 1
 1167966, 1
 1167978, 1
 1168244, 2
 1168247, 4
 1168255, 4
 1168359, 4
 1168411, 1
 1168768, 2
 1169324, 1
 1169581, 1
 1170756, 1
 1170787, 1
 1171107, 1
 1171873, 1
 1171880, 1

#Genome 80
Core
 1168243, 6
 1169015, 1
 1170363, 1

Accessory
 431470, 1
 1167959, 1
 1167969, 1
 1168244, 1
 1168249, 1
 1168270, 1
 1168359, 1
 1168535, 1
 1168776, 1
 1169534, 1
 1170052, 2
 1170332, 1
 1170374, 1
 1170756, 1
 1170890, 1
 1171374, 1
 1171598, 1
 1171819, 2
 1171878, 1

#Genome 81
Core
 1168243, 5
 1168478, 1
 1169015, 1

Accessory
 431470, 1
 1168102, 1
 1168125, 1
 1168359, 2
 1168409, 1
 1168768, 1
 1168769, 1
 1169870, 1
 1170162, 1
 1170492, 1
 1171598, 6

#Genome 82
Core
 1168243, 1
 1169015, 1

Accessory
 1167958, 3
 1167962, 2
 1168244, 1
 1168261, 1
 1168359, 3
 1168768, 1
 1168785, 1
 1169139, 1
 1169699, 1
 1170978, 1
 1171165, 1

#Genome 83
Core
 1168243, 3
 1169015, 1
 1169033, 1
 1169256, 1
 1170869, 1
 1170975, 1
 1171007, 1

Accessory
 431470, 1
 1167980, 3
 1168089, 1
 1168245, 4
 1168248, 1
 1168249, 1
 1168275, 2
 1168359, 2
 1168370, 1
 1168398, 1
 1168400, 1
 1168769, 2
 1168799, 2
 1168937, 1
 1169459, 1
 1169534, 1
 1169679, 1
 1170052, 1
 1170099, 1
 1170270, 1
 1170861, 1

#Genome 84
Core
 1168243, 2
 1169015, 1

Accessory
 1167959, 1
 1167960, 1
 1167963, 1
 1167978, 1
 1168361, 2
 1168627, 1
 1168768, 1
 1169121, 1
 1169726, 1
 1170052, 1
 1170265, 1
 1170519, 1
 1170554, 1
 1171313, 1

#Genome 85
Core
 1168186, 1
 1168243, 2
 1169015, 1
 1169445, 1

Accessory
 431470, 1
 1167959, 1
 1167960, 1
 1167989, 1
 1168359, 1
 1168360, 1
 1168768, 2
 1168901, 1
 1168970, 1
 1169117, 1
 1170052, 1
 1170265, 1
 1170409, 1
 1170519, 1
 1170554, 1
 1171313, 1
 1171598, 3

#Genome 86
Core
 1168243, 4
 1169015, 1
 1169688, 1

Accessory
 431470, 1
 1168102, 1
 1168125, 1
 1168359, 2
 1168768, 1
 1168769, 1
 1169870, 2
 1170162, 1
 1170485, 1
 1170492, 1
 1171598, 6

#Genome 87
Core
 1168243, 2
 1169015, 1

Accessory
 431470, 3
 1167959, 1
 1168359, 4
 1168641, 1
 1168702, 1
 1168784, 2
 1169324, 1
 1170052, 1
 1170332, 1
 1171598, 1
 1171819, 2
 1171873, 1

#Genome 88
Core
 1168243, 6
 1169015, 1
 1170914, 1

Accessory
 1167963, 1
 1167986, 1
 1168125, 1
 1168245, 1
 1168271, 1
 1168359, 3
 1168409, 1
 1168601, 1
 1168768, 1
 1168769, 1
 1170162, 2
 1170204, 1
 1171598, 3
