1926694
562769
310138
187414
137951
147373
161147
163082
136995
89541
65695
59695
56584
50438
42838
45595
47928
38914
56275
33426
27959
33009
39926
28019
26065
24196
20787
21717
26485
24611
19230
18236
22675
23542
17075
17318
24026
12832
13932
15136
13615
10823
12314
12178
13748
18033
12355
13197
15472
11097
10666
11806
11495
11370
13024
12903
17933
16303
13465
13419
14281
16784
15969
13321
15017
14842
15620
16349
15850
16791
18053
21727
19826
24864
21705
23642
24802
28847
34797
34226
37511
38423
48175
64585
83235
148345
274244
507767
