1645747
497504
273693
163697
120880
129499
144558
146628
122947
80158
57561
52158
50333
44704
38016
41526
43727
35258
52424
30340
24391
29996
37126
24792
23654
22313
19001
19969
23727
23553
17311
16406
21536
22067
15432
15458
23397
11154
12381
13503
12125
9258
10616
10472
12156
17208
10786
11884
14460
9560
8972
10151
9936
9839
11313
11613
16635
14999
12094
11746
12568
15508
14419
11667
13356
12659
13589
14614
13876
14718
16202
19361
17892
22733
19137
21298
21872
25584
31691
31356
34592
34817
44106
60955
77030
141400
282600
601124
