2588298
719959
399649
247699
181234
190647
198752
201341
170365
112078
86019
77677
71223
63563
54404
55266
57254
47702
64324
41830
36842
39857
46508
35737
31917
29008
25904
26636
32429
27054
23687
22126
25419
26758
21134
21756
26257
16691
17736
18888
17210
14745
16073
16244
17399
20032
15834
15984
18160
15192
14804
15295
15211
15093
16468
15713
20720
18868
16698
17457
17985
20021
18595
17221
18411
19427
19945
20047
20018
20979
21993
25885
24435
28665
26924
28278
30190
34927
39916
38700
42104
44209
54832
69261
90878
149330
236179
336369
