1863348
547714
301720
181752
133891
143207
157409
159403
133779
87320
63646
57927
55105
49102
41689
44644
47020
38062
55454
32668
27092
32348
39302
27245
25483
23736
20343
21282
25876
24383
18759
17803
22417
23222
16676
16862
23879
12419
13570
14755
13260
10449
11920
11774
13372
17846
11979
12892
15246
10704
10240
11427
11132
10993
12603
12619
17640
16011
13151
13007
13887
16475
15597
12932
14658
14336
15162
15930
15400
16314
17635
21197
19368
24413
21104
23088
24145
28128
34117
33607
36877
37675
47295
63843
81967
147166
276976
528859
