2292937
649665
359655
220680
162030
171777
182153
184502
155541
102265
77185
69658
64876
57709
49401
50961
53082
43862
60671
38015
32928
36790
43593
32455
29345
26780
23492
24392
30005
25870
21812
20570
24173
25286
19393
19811
25077
15084
16069
17273
15738
13029
14413
14496
15939
19164
14382
14806
16896
13424
13010
13822
13601
13471
15161
14549
19499
17860
15196
15779
16377
18650
17615
15629
16886
17486
18170
18507
18289
19265
20348
24339
22392
27294
24854
26410
28193
32482
38037
37039
40597
41905
52374
67966
88661
151058
254512
402665
