1989232
577639
318446
193033
142007
151528
164816
166712
140198
91761
67735
61437
58022
51729
43977
46540
48836
39758
57067
34182
28819
33659
40544
28788
26621
24633
21239
22141
27093
24820
19708
18667
22929
23860
17469
17747
24187
13238
14305
15503
13971
11208
12704
12568
14130
18221
12724
13506
15720
11479
11075
12177
11867
11736
13421
13192
18210
16588
13772
13830
14656
17099
16323
13715
15363
15326
16079
16762
16285
17249
18462
22252
20260
25317
22298
24158
25441
29527
35437
34817
38103
39136
49017
65291
84382
149364
271340
487485
