2172620
621109
343226
209730
154092
163846
175371
177496
149438
98172
73555
66432
62209
55367
47291
49235
51385
42275
59263
36457
31300
35533
42403
31034
28303
25913
22556
23451
28913
25458
20988
19859
23688
24716
18614
18982
24709
14412
15375
16569
15050
12309
13760
13727
15279
18807
13743
14333
16412
12631
12300
13179
12947
12766
14546
14049
19014
17360
14615
15044
15696
18056
17167
14893
16310
16645
17369
17855
17481
18500
19641
23581
21533
26594
23907
25562
27214
31362
37062
36293
39722
40906
51124
67040
87239
150906
261547
433845
