2111792
606697
334998
204183
150085
159735
171862
173936
146383
96062
71624
64765
60816
54169
46199
48329
50542
41431
58545
35701
30480
34921
41782
30301
27771
25473
22113
23012
28314
25247
20566
19466
23443
24427
18228
18572
24526
14030
15027
16213
14694
11946
13405
13344
14902
18612
13412
14071
16182
12246
11895
12854
12593
12422
14200
13770
18740
17108
14336
14637
15364
17737
16919
14488
16015
16210
16951
17497
17084
18096
19261
23150
21117
26191
23381
25104
26647
30760
36551
35832
39184
40374
50462
66500
86341
150510
264936
451042
