2050696
592201
326753
198609
146063
155634
168338
170360
143309
93923
69686
63098
59413
52960
45090
47459
49696
40587
57816
34946
29650
34280
41161
29544
27203
25056
21674
22579
27705
25034
20137
19075
23194
24148
17850
18159
24351
13634
14669
15859
14328
11579
13061
12955
14510
18423
13072
13795
15957
11861
11486
12521
12227
12083
13817
13488
18470
16853
14049
14237
15020
17414
16629
14099
15692
15775
16521
17134
16693
17680
18859
22729
20691
25769
22846
24645
26048
30147
36004
35344
38640
39778
49764
65916
85385
150040
268191
468895
