2352692
663911
367817
226154
165996
175701
185513
187983
158560
104266
78984
71277
66178
58878
50430
51830
53925
44640
61395
38803
33719
37414
44192
33131
29891
27204
23964
24860
30523
26094
22212
20896
24409
25561
19775
20217
25287
15410
16417
17629
16068
13390
14738
14860
16271
19329
14694
15046
17151
13806
13386
14128
13941
13817
15446
14789
19728
18106
15473
16137
16701
18939
17823
15987
17173
17889
18567
18826
18672
19630
20704
24679
22835
27610
25319
26802
28658
33018
38482
37396
40976
42406
52959
68336
89237
150983
250910
387946
