2232907
635408
351442
215200
158070
167831
178780
181010
152490
100232
75378
68044
63557
56535
48346
50108
52234
43069
59964
37229
32121
36168
42993
31745
28822
26347
23020
23920
29474
25652
21411
20232
23926
25002
19005
19398
24886
14760
15727
16909
15401
12669
14080
14108
15618
18996
14069
14573
16655
13029
12655
13508
13280
13114
14868
14301
19263
17604
14902
15432
16026
18349
17397
15266
16597
17065
17767
18192
17888
18886
20002
23967
21955
26963
24383
26005
27714
31926
37550
36670
40190
41402
51765
67528
87985
151034
258067
417960
