1728209
516066
283999
170052
125544
134520
149435
151505
127014
82681
59610
54241
52025
46231
39294
42644
44991
36276
53618
31134
25313
30871
37983
25642
24318
22799
19458
20432
24529
23881
17791
16884
21892
22510
15878
15909
23600
11576
12801
13928
12505
9663
11083
10922
12605
17486
11177
12242
14754
9926
9397
10608
10355
10262
11763
11974
17025
15342
12496
12185
13049
15834
14843
12109
13830
13277
14138
15067
14439
15281
16730
20022
18433
23368
19823
21937
22703
26533
32553
32217
35412
35912
45306
62132
78886
143861
281494
575227
