1798335
532368
293125
176035
129767
138981
153578
155634
130497
85056
61618
56142
53579
47729
40522
43669
46062
37194
54584
31915
26212
31660
38672
26453
24900
23283
19895
20859
25232
24150
18285
17348
22162
22874
16292
16392
23742
11999
13195
14348
12894
10051
11528
11356
13006
17663
11585
12589
15014
10299
9819
11039
10752
10644
12193
12311
17350
15686
12830
12609
13489
16177
15235
12526
14278
13812
14668
15505
14928
15824
17207
20636
18915
23931
20485
22533
23471
27345
33380
32963
36183
36878
46345
63107
80545
145814
279485
550860
