2411949
678025
375818
231626
169846
179465
188874
191372
161511
106230
80762
72887
67447
60058
51446
52683
54758
45409
62144
39562
34507
38048
44774
33791
30418
27644
24462
25306
31013
26323
22592
21205
24650
25848
20132
20618
25506
15746
16756
17954
16362
13742
15079
15228
16568
19487
14970
15299
17391
14170
13750
14430
14267
14147
15713
15012
19992
18299
15777
16474
17031
19218
18025
16317
17463
18303
18924
19152
19013
19983
21039
24984
23263
27903
25744
27197
29076
33531
38871
37728
41311
42882
53482
68622
89727
150706
247232
374293
