1325842
425244
235709
143140
105177
111674
124546
125681
106920
72154
51984
46089
44707
39927
34265
37310
38889
31617
46321
28107
22311
26822
33027
22715
21519
20700
17750
18480
20889
21681
16072
15109
19836
20176
14278
14178
21796
10309
11373
12379
11104
8397
9568
9212
10980
15696
9869
10813
13169
8714
8039
8984
8870
8793
9933
10485
14955
13744
11060
10635
11204
14254
13139
10460
12059
11096
12030
13173
12275
13146
14620
17225
16209
20409
17272
19283
19598
22895
28836
28394
31754
31508
39934
56268
70750
130671
274339
662303
