963369
332862
188527
117853
85742
89612
98732
98571
85866
61187
45141
39135
37693
34019
29771
31527
32314
26915
37812
25114
19934
22867
27122
20001
18730
18206
16066
16434
17652
18583
14472
13527
17102
17315
13095
12697
18882
9721
10221
11134
10117
7697
8486
8246
9677
13349
9027
9526
11322
7930
7340
7998
7841
7845
8626
9182
12726
12029
9855
9507
9880
12362
11605
9218
10623
9655
10486
11563
10654
11429
12822
14866
14346
17416
15415
16966
17285
20112
25246
24764
27938
27996
34753
49606
62581
115440
249869
698064
