2471023
692107
383819
237037
173681
183252
192197
194733
164453
108194
82521
74492
68704
61220
52449
53534
55591
46182
62888
40321
35301
38656
45364
34447
30940
28094
24939
25747
31506
26557
22958
21512
24900
26150
20465
21010
25746
16074
17084
18285
16636
14091
15408
15585
16856
19667
15257
15526
17647
14504
14118
14714
14591
14478
15969
15237
20259
18484
16084
16801
17365
19487
18215
16625
17778
18698
19278
19478
19345
20332
21351
25309
23679
28180
26151
27566
29479
34021
39249
38062
41614
43343
53978
68855
90168
150365
243537
361080
