2529883
706152
391801
242422
177495
186986
195525
198066
167420
110132
84274
76098
69977
62388
53431
54382
56427
46948
63627
41081
36082
39251
45949
35095
31437
28549
25423
26198
31968
26801
23333
21802
25166
26455
20808
21382
25993
16393
17414
18591
16924
14424
15754
15920
17123
19854
15545
15748
17911
14852
14457
15008
14912
14804
16217
15482
20504
18653
16401
17123
17694
19756
18406
16935
18098
19086
19627
19787
19664
20674
21665
25613
24073
28449
26545
27927
29837
34498
39617
38383
41887
43781
54440
69074
90551
149929
239848
348306
