1529420
471634
259820
155876
114946
122938
137430
139431
117271
77104
55268
49704
48216
42876
36512
40035
41967
33895
50506
29430
23500
28765
35844
23906
22862
21717
18484
19378
22680
23017
16792
15856
20960
21426
14942
14929
22952
10723
11941
13020
11692
8868
10111
9944
11614
16751
10354
11475
14034
9173
8540
9655
9482
9406
10750
11185
16030
14519
11679
11277
12018
15041
13938
11164
12848
11970
12965
14027
13209
14069
15580
18544
17250
21895
18385
20529
20909
24484
30584
30270
33578
33425
42516
59324
74695
137729
281663
629084
