#Genomes with additional copies compared to other genomes
#Homology group identifier, number of additional copies compared to the lowest number in a homology group (at least 1).

#Genome 1
Core
 2358517, 2
 2358777, 1
 2360134, 1

Accessory
 2358995, 2
 2358996, 1
 2358997, 1
 2359235, 1
 2359354, 1
 2359356, 1
 2360287, 1
 2360288, 1

#Genome 2
Core
 2358517, 1
 2358722, 1
 2358729, 1
 2358777, 1
 2359065, 1
 2359967, 1

Accessory
 2358995, 2
 2359474, 1
 2359475, 1
 2359477, 1
 2359478, 1
 2359479, 1
 2359481, 1
 2359483, 2
 2359520, 1
 2359601, 1
 2360869, 1
 2360872, 1
 2360874, 1
 2360888, 1
 2360942, 1

#Genome 3
Core
 2358517, 2
 2358777, 1
 2359224, 1
 2360630, 1

Accessory
 2358995, 1
 2359835, 10
 2359837, 1
 2360311, 1

#Genome 4
Core
 2358517, 2
 2358707, 1
 2358777, 1

Accessory
 2358995, 4
 2358996, 3
 2359251, 1
 2359353, 1
 2359360, 1
 2360287, 1
 2360288, 1
 2360311, 5
 2360312, 4
 2361424, 1

#Genome 5
Core
 2358517, 2
 2358777, 1

Accessory
 2358995, 3
 2359252, 1
 2359323, 1
 2359355, 1
 2360783, 1

#Genome 6
Core
 2358777, 1

Accessory
 2359322, 1
 2359353, 1
 2359425, 1
 2360288, 1
 2360311, 1

#Genome 7
Core
 2358517, 2
 2358777, 1
 2359748, 1
 2359880, 1
 2359957, 1

Accessory
 2358995, 3
 2359254, 1
 2359355, 1
 2359601, 1
 2359605, 1
 2359834, 1
 2359835, 11
 2359877, 1
 2360159, 1
 2360992, 1
 2360997, 1
 2361059, 1
 2361067, 1
 2361080, 1
 2361137, 1
 2361616, 1
 2361618, 1
 2361867, 1

#Genome 8
Core
 2358517, 1
 2358722, 1
 2358729, 1
 2358777, 1
 2359065, 1

Accessory
 2358995, 1
 2359356, 1
 2359474, 1
 2359475, 1
 2359477, 1
 2359478, 1
 2359479, 1
 2359481, 1
 2359483, 2
 2359520, 1
 2359568, 1
 2359602, 1
 2359605, 1
 2359620, 1
 2359644, 1
 2359650, 1
 2360869, 1
 2360888, 3
 2360942, 1
 2361033, 1
 2361036, 1
 2361040, 1
 2361045, 1

#Genome 9
Core
 2358517, 1
 2358539, 1
 2358777, 1
 2360427, 1

Accessory
 2358998, 1
 2358999, 1
 2359263, 1
 2359319, 1
 2359320, 1
 2359324, 1
 2359325, 1
 2359877, 1
 2360288, 1
 2360313, 1
 2360454, 1
 2360692, 1
 2360693, 1
 2360709, 1
 2360715, 1
 2360717, 1
 2360724, 1
 2360725, 1
 2360726, 1
 2360728, 1
 2361994, 1

#Genome 10
Core
 2358517, 2
 2358722, 1
 2358777, 1

Accessory
 2358995, 1
 2359251, 1
 2359322, 1
 2359353, 1
 2359357, 1
 2359363, 1
 2359460, 1
 2359520, 2
 2360491, 1
 2360888, 1
 2360915, 1
 2360925, 1
 2360934, 1
 2360940, 1
 2361005, 1
 2361007, 2
 2361499, 1
 2362086, 1

#Genome 11
Core
 2358517, 2
 2358777, 1
 2359224, 1
 2360630, 1

Accessory
 2358995, 1
 2359835, 10
 2359837, 1
 2360311, 1

#Genome 12
Core
 2358517, 1
 2358777, 1
 2359103, 1

Accessory
 2359063, 1
 2359322, 1

#Genome 13
Core
 2358517, 2
 2358539, 1
 2358777, 1

Accessory
 2358995, 4
 2359321, 1
 2359323, 1
 2359422, 1
 2359645, 1
 2361080, 1
 2361130, 1
 2361449, 1
 2362168, 1

#Genome 14
Core
 2358517, 1
 2358707, 1
 2358777, 1

Accessory
 2358995, 4
 2358996, 3
 2359251, 1
 2359353, 1
 2359360, 1
 2359605, 1
 2359645, 1
 2360287, 1
 2360288, 1
 2360311, 5
 2360312, 4
 2360854, 1
 2361067, 1
 2361424, 1

#Genome 15
Core
 2358517, 2
 2358777, 1
 2359816, 1

Accessory
 2358995, 1
 2359319, 1
 2359320, 1
 2359353, 1
 2359363, 1
 2359483, 1
 2359602, 1
 2359605, 1
 2359612, 1
 2359835, 6
 2360193, 1
 2360830, 1
 2360832, 1
 2360833, 1
 2360834, 1
 2360837, 1
 2360839, 1
 2360841, 1
 2361648, 3
 2361650, 3
 2361948, 1
 2361949, 1

#Genome 16
Core
 2358777, 1
 2359816, 1

Accessory
 2358642, 1
 2358995, 8
 2359322, 1
 2360127, 1
 2361424, 1
 2362380, 1

#Genome 17
Core
 2358517, 2
 2358777, 1
 2359816, 1

Accessory
 2358642, 1
 2358995, 6
 2358997, 1
 2359322, 1
 2359605, 1
 2359644, 1
 2360127, 1
 2360167, 1
 2361424, 1

#Genome 18
Core
 2358517, 1
 2358722, 1
 2358729, 1
 2358777, 1
 2359065, 1

Accessory
 2358995, 2
 2359474, 1
 2359475, 1
 2359477, 1
 2359478, 1
 2359479, 1
 2359481, 1
 2359483, 2
 2359520, 1
 2359602, 1
 2360869, 1
 2360874, 1
 2360888, 1
 2360942, 1

#Genome 19
Core
 2358517, 2
 2358529, 1
 2358777, 1
 2358988, 1
 2359788, 1

Accessory
 2359251, 1
 2359357, 2
 2359373, 1
 2359550, 1
 2359565, 1
 2359601, 2
 2359616, 1
 2359644, 1
 2359835, 7
 2360874, 1
 2360894, 1
 2360940, 1
 2360992, 1
 2360996, 1
 2361015, 1
 2361066, 1
 2361067, 1
 2361080, 1
 2361234, 1
 2361411, 1
 2362168, 1

#Genome 20
Core
 2358517, 2
 2358777, 1
 2359224, 1
 2360630, 1

Accessory
 2359602, 1
 2359835, 8
 2359837, 1
 2360269, 1
 2360311, 2
 2360870, 1
 2360874, 1
 2361319, 1
 2362486, 1

#Genome 21
Core
 2358517, 2
 2358539, 1
 2358777, 1
 2360781, 1

Accessory
 2358995, 4
 2359324, 1
 2359353, 1
 2359423, 1
 2360267, 1
 2361033, 1

#Genome 22
Core
 2358517, 2
 2358777, 1

Accessory
 2358995, 8
 2359251, 1
 2359319, 1
 2359320, 1
 2359328, 1
 2359330, 1
 2359602, 1
 2359835, 5
 2359877, 1

#Genome 23
Core
 2358517, 1
 2358777, 1
 2359974, 1

Accessory
 2358995, 5
 2359321, 1
 2359323, 1
 2361448, 1
 2361449, 1

#Genome 24
Core
 2358517, 2
 2358777, 1
 2360015, 1

Accessory
 2358995, 3
 2359252, 1
 2359321, 1
 2359322, 1
 2359355, 1
 2360783, 1

#Genome 25
Core
 2358517, 2
 2358777, 1

Accessory
 2358995, 3
 2359252, 1
 2359355, 1
 2360689, 1
 2360692, 1
 2360693, 1
 2360699, 1
 2360700, 1
 2360701, 1
 2360703, 1
 2360708, 1
 2360715, 1
 2360717, 1
 2360719, 1
 2360725, 1
 2360726, 1
 2360728, 1
 2360735, 1
 2360783, 1
 2360889, 1
 2361040, 1
 2361521, 1
 2361648, 1
 2361650, 1
 2361651, 1
 2361682, 1
 2361683, 1
 2361684, 1
 2361685, 1
 2361686, 1
 2361687, 1
 2361688, 1
 2361690, 1

#Genome 26
Core
 2358517, 2
 2358777, 1
 2359224, 1
 2359828, 1
 2360145, 1

Accessory
 2358995, 1
 2359322, 1
 2359363, 1
 2359423, 1
 2359676, 1
 2360888, 2
 2361533, 1

#Genome 27
Core
 2358517, 2
 2358777, 1
 2358977, 1
 2359816, 1
 2360433, 1

Accessory
 2358642, 1
 2358995, 4
 2358997, 2
 2359325, 1
 2359496, 1
 2359643, 2
 2360127, 1
 2360905, 1
 2360909, 1
 2360930, 1
 2360936, 1
 2360992, 1
 2360995, 1
 2360998, 1
 2361000, 1
 2361001, 1
 2361004, 1
 2361041, 1
 2361066, 1
 2361067, 1
 2361337, 1
 2361342, 1
 2361424, 1
 2361430, 1
 2361434, 1
 2361614, 1
 2361888, 1
 2362168, 1
 2362353, 1

#Genome 28
Core
 2358517, 2
 2359974, 1
 2360134, 1

Accessory
 2359319, 1
 2359320, 1
 2359324, 1
 2359325, 1
 2359877, 1
 2360311, 1
 2360472, 1
 2361901, 1
 2362015, 1
 2362211, 1

#Genome 29
Core
 2358517, 2
 2358777, 1
 2358886, 1
 2360781, 1

Accessory
 2358995, 2
 2359471, 1
 2359520, 1
 2359605, 1
 2359644, 1
 2360287, 1
 2360288, 1
 2360588, 1
 2361049, 1

#Genome 30
Core
 2358517, 2
 2358777, 1
 2360126, 1

Accessory
 2358995, 11
 2359324, 1
 2359353, 1
 2359362, 1
 2359523, 1
 2359573, 1
 2359835, 2
 2361617, 1
 2361619, 1
 2361621, 1
 2361629, 1
 2361633, 1
 2361635, 1
 2361637, 1
 2361644, 1
 2361924, 1
 2361928, 1
 2361929, 1
 2361932, 1
 2361933, 1
 2361936, 1
 2361937, 1
 2361938, 1
 2361939, 1
 2361940, 1
 2361941, 1
 2362816, 1

#Genome 31
Core
 2358517, 2
 2358777, 1
 2359065, 1
 2359815, 1

Accessory
 2358995, 1
 2358997, 1
 2359550, 1
 2360287, 1
 2360288, 1
 2360472, 1
 2360760, 1
 2361041, 1
 2361126, 1

#Genome 32
Core
 2358517, 2
 2358722, 1
 2358729, 1
 2358777, 1
 2359065, 1

Accessory
 2358995, 2
 2359474, 1
 2359475, 1
 2359477, 1
 2359478, 1
 2359479, 1
 2359481, 1
 2359483, 2
 2359520, 1
 2359602, 1
 2360869, 1
 2360874, 1
 2360888, 1
 2360942, 1
 2360997, 1

#Genome 33
Core
 2358517, 2
 2358777, 1

Accessory
 2358995, 3
 2359252, 1
 2359360, 1
 2360783, 1
 2361040, 1

#Genome 34
Core
 2358517, 2
 2358777, 1
 2359974, 1

Accessory
 2358995, 5
 2359321, 1
 2359323, 1
 2361448, 1
 2361449, 1

#Genome 35
Core
 2358517, 2
 2358707, 1
 2358777, 1

Accessory
 2358995, 4
 2358996, 3
 2359251, 1
 2359353, 1
 2359360, 1
 2359394, 1
 2359494, 1
 2359497, 1
 2360287, 1
 2360288, 1
 2360311, 5
 2360312, 5
 2360992, 1
 2360996, 1
 2361007, 1
 2361066, 1
 2361067, 1
 2361077, 1
 2361080, 1
 2362110, 1

#Genome 36
Core
 2358517, 2
 2358777, 1
 2358819, 1

Accessory
 2358995, 13
 2359252, 1
 2359322, 1
 2359357, 1
 2362933, 1

#Genome 37
Core
 2358517, 2
 2358777, 1
 2358897, 1
 2359974, 1

Accessory
 2358995, 6
 2359353, 1
 2359469, 1
 2359470, 1
 2359474, 1
 2359475, 1
 2359477, 1
 2359478, 1
 2359479, 1
 2359481, 1
 2359520, 1
 2359835, 3
 2360314, 1
 2360888, 1
 2360916, 1
 2361653, 1
 2362368, 1
 2362369, 1
 2362938, 5

#Genome 38
Core
 2358517, 2
 2358777, 1
 2360126, 1
 2360191, 1

Accessory
 2358995, 6
 2359063, 1
 2359321, 1
 2359366, 1
 2359480, 1
 2359482, 1
 2359483, 1
 2359487, 1
 2359490, 1
 2359494, 1
 2359497, 1
 2359517, 1
 2359522, 1
 2359536, 1
 2359542, 1
 2359550, 1
 2359565, 1
 2359601, 1
 2359608, 1
 2360901, 1
 2360914, 1
 2360940, 1
 2361007, 1
 2361411, 1
 2361607, 1
 2361909, 1
 2362110, 1
 2362874, 1
 2362897, 1
 2362898, 1
 2362899, 1
 2362900, 1
 2362901, 1
 2362902, 1
 2362903, 1
 2362904, 1
 2362905, 1
 2362938, 1

#Genome 39
Core
 2358517, 1
 2358777, 1
 2359816, 1

Accessory
 2358642, 1
 2358995, 7
 2359322, 1
 2359357, 1
 2360127, 1
 2360609, 1
 2360847, 1
 2361424, 1

#Genome 40
Core
 2358517, 2
 2358777, 1
 2359974, 1

Accessory
 2358995, 3
 2360193, 1
 2360312, 1
 2360315, 1
 2362738, 1
 2363048, 1
 2363071, 1

#Genome 41
Core
 2358517, 2
 2358777, 1

Accessory
 2358642, 1
 2358995, 10
 2359354, 2
 2359355, 1
 2359494, 1
 2359499, 1
 2359513, 1
 2359516, 1
 2359566, 1
 2359644, 1
 2360287, 1
 2360288, 1
 2360313, 2
 2360368, 1
 2360854, 2
 2360874, 1
 2360888, 1
 2360992, 1
 2360997, 1
 2361006, 1
 2361009, 1
 2361010, 1
 2361011, 1
 2361012, 1
 2361013, 1
 2361014, 1
 2361015, 1
 2361017, 1
 2361019, 1
 2361020, 1
 2361024, 1
 2361025, 1
 2361026, 1
 2361027, 1
 2361028, 1
 2361029, 1
 2361031, 1
 2361032, 1
 2361066, 1
 2361067, 1
 2361072, 1
 2361080, 1
 2361424, 1
 2361648, 1
 2361650, 1
 2362164, 1

#Genome 42
Core
 2358517, 1
 2358777, 1
 2359974, 1

Accessory
 2358995, 4
 2359321, 1
 2359323, 1
 2361448, 1
 2361449, 1

#Genome 43
Core
 2358517, 2
 2358777, 1
 2359098, 1
 2360794, 1

Accessory
 2358607, 1
 2359063, 1
 2359259, 1
 2359361, 1
 2359520, 1
 2359605, 2
 2359608, 1
 2359645, 1
 2359835, 11
 2359842, 2
 2361066, 1
 2361888, 1

#Genome 44
Core
 2358517, 1
 2358777, 1
 2359164, 1

Accessory
 2358642, 1
 2359323, 1
 2359331, 1
 2360212, 1
 2361077, 1
 2361080, 1

#Genome 45
Core
 2358517, 2
 2358777, 1
 2358897, 1
 2359974, 1

Accessory
 2358995, 6
 2359353, 1
 2359469, 1
 2359470, 1
 2359474, 1
 2359475, 1
 2359477, 1
 2359478, 1
 2359479, 1
 2359481, 1
 2359520, 1
 2359835, 3
 2360314, 1
 2360888, 1
 2360916, 1
 2361653, 1
 2362368, 1
 2362369, 1
 2362938, 5

#Genome 46
Core
 2358517, 2
 2358777, 1
 2359138, 1

Accessory
 2358995, 1
 2359353, 1
 2359877, 1
 2360287, 1
 2360288, 1
 2363201, 1

#Genome 47
Core
 2358517, 2
 2358777, 1
 2359816, 1

Accessory
 2358642, 1
 2358995, 8
 2358997, 2
 2359322, 1
 2360127, 1
 2361424, 1

#Genome 48
Core
 2358517, 2
 2358547, 1
 2358641, 1
 2358777, 1
 2359048, 1
 2359306, 1
 2359709, 1
 2359743, 1
 2359793, 1
 2359917, 1
 2360186, 1
 2360330, 1

Accessory
 585518, 1
 2358978, 1
 2358995, 3
 2359252, 1
 2359355, 1
 2359394, 1
 2360062, 1
 2360783, 1
 2361579, 1
 2361589, 1

#Genome 49
Core
 2358517, 2
 2358777, 1
 2359092, 1
 2359138, 1

Accessory
 2358995, 1
 2359321, 1
 2359326, 1
 2359353, 1
 2359513, 1
 2359516, 1
 2360783, 1
 2361430, 1
 2361434, 1

#Genome 50
Core
 2358517, 2
 2358641, 1
 2358777, 1
 2359974, 1

Accessory
 2358995, 4
 2359322, 1
 2360159, 1
 2360192, 1
 2360193, 1

#Genome 51
Core
 2358517, 2
 2358777, 1

Accessory
 2358995, 3
 2359252, 1
 2359355, 1
 2360783, 1

#Genome 52
Core
 2358517, 1
 2358777, 1
 2358988, 1

Accessory
 2359252, 2
 2359325, 1
 2359353, 3
 2359369, 1
 2359469, 1
 2359470, 1
 2359494, 1
 2359497, 1
 2359521, 1
 2359522, 1
 2359525, 1
 2359528, 1
 2359529, 1
 2359534, 1
 2359535, 1
 2359536, 1
 2359541, 1
 2359548, 1
 2359605, 1
 2359645, 1
 2359835, 20
 2359877, 1
 2360928, 1
 2360935, 1
 2360940, 1
 2360992, 1
 2360997, 1
 2361066, 1
 2361067, 1
 2361593, 1
 2361595, 1
 2361597, 1
 2361653, 1
 2361883, 1
 2361909, 1
 2361912, 1
 2362263, 1
 2362265, 1
 2362270, 1
 2363450, 1
 2363451, 1

#Genome 53
Core
 2358517, 1
 2358700, 1
 2358777, 1
 2358988, 1
 2359098, 1
 2359900, 1

Accessory
 2359252, 2
 2359323, 1
 2359353, 2
 2359369, 1
 2359775, 1
 2359835, 16
 2359877, 1

#Genome 54
Core
 2358517, 2
 2358777, 1

Accessory
 2358995, 3
 2359252, 1
 2359321, 1
 2359355, 1
 2360704, 1
 2360727, 1
 2360783, 1
 2361540, 1
 2361694, 1
 2361695, 1
 2361696, 1
 2361697, 1
 2361698, 1
 2361699, 1
 2361700, 1
 2361705, 1

#Genome 55
Core
 2358517, 2
 2358777, 1
 2359974, 1

Accessory
 2358995, 3
 2358996, 1
 2358997, 1
 2359251, 1
 2359319, 1
 2359320, 1
 2359321, 1
 2359328, 1
 2359354, 1
 2359356, 1
 2359877, 1
 2359887, 1

#Genome 56
Core
 2358517, 2
 2358707, 1
 2358777, 1

Accessory
 2358995, 4
 2358996, 3
 2359251, 1
 2359353, 1
 2359360, 1
 2359605, 1
 2359645, 1
 2360287, 1
 2360288, 1
 2360311, 5
 2360312, 5
 2360606, 1
 2360854, 1
 2361067, 1
 2361069, 1
 2361424, 1

#Genome 57
Core
 2358517, 2
 2358777, 1

Accessory
 2358995, 3
 2359252, 1
 2359355, 1
 2360783, 1
 2361448, 1
 2361533, 1
 2361540, 1

#Genome 58
Core
 2358517, 2
 2358777, 1
 2359816, 1

Accessory
 2358642, 1
 2358995, 6
 2358997, 2
 2359322, 1
 2359357, 1
 2359358, 1
 2360127, 1
 2361424, 1

#Genome 59
Core
 2358517, 2
 2358777, 1

Accessory
 2358995, 4
 2359324, 1
 2359353, 1
 2359423, 1
 2360267, 1
 2360454, 1

#Genome 60
Core
 2358517, 2
 2358722, 1
 2358729, 1
 2358777, 1
 2359065, 1

Accessory
 2358995, 2
 2359474, 1
 2359475, 1
 2359477, 1
 2359478, 1
 2359479, 1
 2359481, 1
 2359483, 2
 2359520, 1
 2359568, 1
 2359602, 1
 2359650, 1
 2360869, 1
 2360874, 1
 2360888, 1
 2360942, 1
 2361036, 1

#Genome 61
Core
 2358517, 2
 2358777, 1
 2359092, 1
 2359138, 1

Accessory
 2358995, 1
 2359321, 1
 2359326, 1
 2359353, 1
 2359566, 1
 2360783, 1
 2361648, 1
 2361650, 1
 2362307, 1

#Genome 62
Core
 2358517, 2
 2358777, 1
 2359974, 1

Accessory
 2358995, 5
 2359321, 1
 2359323, 1
 2360456, 1
 2361446, 1
 2361448, 2
 2361449, 2

#Genome 63
Core
 2358517, 2
 2358777, 1

Accessory
 2359353, 1
 2360284, 1
 2360288, 1
 2360292, 1
 2361355, 1
 2361888, 1
 2361894, 1
 2361901, 1
 2362738, 1
 2362739, 1

#Genome 64
Core
 2358517, 2
 2358777, 1

Accessory
 2358995, 1
 2359353, 1
 2359424, 1
 2359434, 1
 2359877, 1
 2360783, 1
 2360888, 1

#Genome 65
Core
 2358517, 2
 2358777, 1

Accessory
 2359264, 1
 2359321, 1
 2359323, 1
 2359375, 1
 2359394, 1
 2359757, 1
 2360313, 3
 2360874, 1
 2361063, 1
 2361089, 1
 2361496, 1
 2361533, 2

#Genome 66
Core
 2358517, 2
 2358777, 1
 2359816, 1

Accessory
 2358642, 1
 2358995, 8
 2358997, 1
 2359322, 1
 2360127, 1
 2361098, 1
 2361424, 1

#Genome 67
Core
 2358517, 2
 2358777, 1

Accessory
 2358754, 1
 2358995, 5
 2359063, 1
 2359266, 1
 2359319, 1
 2359320, 1
 2359322, 1
 2359324, 1
 2359366, 1
 2359605, 1
 2359835, 3
 2360312, 1
 2360315, 1
 2361499, 1
 2361652, 1
 2361955, 1
 2362015, 3

#Genome 68
Core
 2358517, 2
 2358777, 1
 2360191, 1

Accessory
 2358995, 6
 2359063, 1
 2359321, 1
 2359326, 1
 2359366, 1
 2359494, 1
 2360311, 1
 2360312, 1
 2360874, 1
 2360940, 1
 2362110, 1
 2362377, 1
 2362378, 1
 2362938, 1

#Genome 69
Core
 2358517, 2
 2358777, 1

Accessory
 2358995, 1
 2358999, 1
 2359128, 1
 2359254, 2
 2359319, 1
 2359320, 1
 2359321, 1
 2359324, 1
 2359325, 1
 2359354, 1
 2359355, 1
 2359877, 1
 2360472, 1
 2361997, 1
 2362015, 1

#Genome 70
Core
 2358517, 2
 2358707, 1
 2358777, 1

Accessory
 2358995, 4
 2358996, 3
 2359361, 1
 2359379, 1
 2360287, 1
 2360288, 1
 2360311, 5
 2360312, 3
 2360854, 1
 2360874, 1
 2361424, 1

#Genome 71
Core
 2358517, 2
 2358777, 1
 2359816, 1

Accessory
 2358642, 1
 2358995, 6
 2358997, 1
 2359322, 1
 2359357, 1
 2360127, 1
 2361067, 1
 2361070, 1
 2361337, 1
 2361424, 1
 2361888, 1
 2361890, 1
 2362377, 1
 2362378, 1

#Genome 72
Core
 2358517, 2
 2358777, 1

Accessory
 2358995, 4
 2359252, 1
 2359355, 1
 2360783, 1
 2361575, 1

#Genome 73
Core
 2358517, 2
 2358641, 1
 2358777, 1

Accessory
 2358995, 1
 2358997, 1
 2359254, 1
 2359319, 1
 2359320, 1
 2359323, 1
 2359324, 1
 2359331, 1
 2359353, 1
 2359359, 1
 2359361, 1
 2359370, 1
 2359644, 1
 2359877, 1
 2360288, 1
 2360313, 1
 2360874, 1
 2360888, 1
 2361893, 1

#Genome 74
Core
 2358517, 2
 2358777, 1
 2360744, 1

Accessory
 2358995, 7
 2359130, 1
 2359440, 1
 2359441, 1
 2361446, 1

#Genome 75
Core
 2358517, 2
 2358777, 1
 2359224, 1
 2360630, 1

Accessory
 2358995, 1
 2359835, 9
 2359837, 1
 2360311, 1

#Genome 76
Core
 2358517, 1
 2359249, 1
 2360433, 1

Accessory
 2358995, 17
 2359251, 1
 2359319, 1
 2359320, 1
 2359323, 1
 2359324, 1
 2359335, 1
 2359877, 1

#Genome 77
Core
 2358517, 2
 2358777, 1

Accessory
 2358995, 3
 2359252, 1
 2359355, 1
 2360783, 1
 2361040, 1
 2361648, 1
 2361650, 1

#Genome 78
Core
 2358517, 2
 2358777, 1
 2359880, 1

Accessory
 2358995, 4
 2359442, 1
 2359890, 1
 2362015, 5

#Genome 79
Core
 2358517, 2
 2358777, 1

Accessory
 2358995, 6
 2359063, 1
 2359321, 1
 2359366, 1
 2362938, 2

#Genome 80
Core
 2358517, 2
 2358777, 1
 2360273, 1
 2360374, 1

Accessory
 2358995, 2
 2359252, 1
 2359355, 1
 2361533, 1
 2361575, 1
 2361584, 1
 2361652, 1

#Genome 81
Core
 2358517, 2
 2358777, 1

Accessory
 2358995, 7
 2359013, 3
 2359357, 1
 2360728, 1
 2361994, 1

#Genome 82
Core
 2358517, 2
 2358777, 1
 2359751, 1
 2360143, 1
 2360433, 1

Accessory
 2358995, 2
 2359063, 1
 2359322, 1
 2359422, 1
 2359425, 1
 2360604, 1
 2360783, 1
 2360888, 1
 2361098, 1
 2361449, 1

#Genome 83
Core
 2358517, 2
 2358777, 1

Accessory
 2359331, 1
 2362320, 1
 2363978, 1

#Genome 84
Core
 2358517, 2
 2358777, 1
 2358958, 1
 2360687, 1

Accessory
 2358995, 7
 2358997, 1
 2359063, 1
 2359321, 1
 2360940, 1
 2362938, 1
 2362983, 1

#Genome 85
Core
 2358517, 2
 2358722, 1
 2358729, 1
 2358777, 1
 2359065, 1

Accessory
 2358995, 2
 2359474, 1
 2359475, 1
 2359477, 1
 2359478, 1
 2359479, 1
 2359481, 1
 2359483, 2
 2359520, 1
 2359602, 1
 2360869, 1
 2360874, 1
 2360888, 1
 2360942, 1

#Genome 86
Core
 2358517, 2
 2358777, 1
 2360134, 1
 2360144, 1
 2360687, 1

Accessory
 2358995, 1
 2359322, 1
 2359363, 1
 2360666, 1
 2360923, 1
 2360940, 1
 2361067, 1
 2361077, 1
 2361080, 1
 2361496, 1
 2361899, 1

#Genome 87
Core
 2358517, 2
 2358777, 1
 2358819, 1

Accessory
 2358995, 7
 2359330, 1
 2359359, 1
 2360557, 1
 2361130, 1

#Genome 88
Core
 2358517, 2
 2358707, 1
 2358777, 1

Accessory
 2358995, 4
 2358996, 3
 2359251, 1
 2359353, 1
 2359360, 1
 2359606, 1
 2360287, 1
 2360288, 1
 2360311, 5
 2360312, 4
 2360854, 1
 2360874, 1
 2361424, 1

#Genome 89
Core
 2358517, 1
 2358777, 1

Accessory
 2358995, 5
 2360288, 1
 2360311, 1

#Genome 90
Core
 2358517, 2
 2358777, 1
 2359705, 1
 2359880, 1

Accessory
 2358530, 1
 2358995, 4
 2359254, 1
 2359355, 1
 2359834, 1
 2359835, 8
 2359877, 1
 2359904, 1
 2360715, 1
 2360717, 1
 2360735, 1
 2361134, 1

#Genome 91
Core
 2358517, 2
 2358777, 1

Accessory
 2358642, 1
 2358995, 10
 2359354, 1
 2359355, 1
 2359494, 1
 2359499, 1
 2359513, 1
 2359516, 1
 2359566, 1
 2359605, 1
 2359644, 1
 2360313, 2
 2360368, 1
 2360854, 1
 2360874, 1
 2360888, 1
 2360992, 1
 2361066, 1
 2361067, 1
 2361072, 1
 2361080, 1
 2361424, 1
 2361616, 1
 2361618, 1
 2361648, 1
 2361650, 1
 2362164, 1

#Genome 92
Core
 2358517, 2
 2358777, 1
 2360134, 1

Accessory
 2358995, 2
 2359253, 1
 2359353, 1
 2359359, 1
 2359370, 2
 2360288, 1
 2361523, 1

#Genome 93
Core
 2358517, 2
 2358722, 1
 2358729, 1
 2358777, 1
 2359065, 1
 2359221, 1

Accessory
 2358995, 1
 2359353, 1
 2359475, 1
 2359477, 1
 2359478, 1
 2359479, 1
 2359481, 1
 2359483, 2
 2359520, 1
 2359602, 1
 2359646, 1
 2359651, 1
 2360874, 1
 2360888, 2
 2360942, 1

#Genome 94
Core
 2358517, 2
 2358707, 1
 2358777, 1

Accessory
 2358995, 4
 2358996, 3
 2359251, 1
 2359353, 1
 2359360, 1
 2360287, 1
 2360288, 1
 2360311, 5
 2360312, 5
 2360947, 1
 2361007, 1

#Genome 95
Core
 2358517, 3
 2358693, 1
 2358777, 1
 2358897, 1
 2359300, 1
 2359731, 1
 2359974, 1
 2359989, 1
 2360003, 1
 2360781, 1

Accessory
 2358995, 6
 2359353, 1
 2359835, 3
 2360916, 1
 2361653, 1
 2362938, 5

#Genome 96
Core
 2358517, 1
 2358777, 1

Accessory
 2358995, 6
 2359251, 1
 2359328, 2
 2359371, 1
 2359890, 1
 2360874, 1

#Genome 97
Core
 2358517, 2
 2358777, 1

Accessory
 2359252, 1
 2360472, 1
 2360699, 1
 2360700, 1
 2360715, 1
 2360717, 1
 2360725, 1
 2360726, 1

#Genome 98
Core
 2358517, 4
 2358579, 1
 2358580, 1
 2358581, 1
 2358583, 1
 2358729, 1
 2358777, 1
 2359957, 1
 2360781, 1

Accessory
 2358577, 1
 2358578, 1
 2358582, 1
 2358995, 2
 2358997, 2
 2359063, 1
 2359322, 1
 2359368, 1
 2359378, 1
 2359506, 1
 2359607, 2
 2359652, 1
 2360888, 1
 2361008, 1
 2361033, 1
 2361040, 2
 2361042, 2
 2361142, 1
 2361153, 1
 2361184, 1

#Genome 99
Core
 2358517, 1
 2358777, 1
 2359816, 1
 2360190, 1

Accessory
 2358642, 1
 2358995, 6
 2358997, 4
 2359322, 1
 2360127, 1
 2361424, 1

#Genome 100
Core
 2358517, 1
 2358707, 1
 2358777, 1
 2360376, 1

Accessory
 2358995, 4
 2358996, 3
 2359251, 1
 2359353, 1
 2359360, 1
 2360311, 5
 2360312, 5
 2361007, 1
 2361449, 1
 2361499, 1

#Genome 101
Core
 2358517, 2
 2358777, 1
 2360134, 1

Accessory
 2358995, 1
 2358997, 1
 2359256, 1
 2359370, 1

#Genome 102
Core
 2358517, 2
 2358777, 1
 2360191, 1

Accessory
 2358995, 6
 2359063, 1
 2359321, 1
 2359366, 1
 2359649, 1
 2359677, 1
 2360940, 2
 2360993, 1
 2360996, 1
 2361070, 1
 2361619, 1
 2361621, 1
 2361622, 1
 2361625, 1
 2361627, 1
 2361629, 1
 2361644, 1
 2361645, 1
 2361647, 1
 2362077, 1
 2362377, 2
 2362378, 2
 2362778, 1
 2362938, 1

#Genome 103
Core
 2358517, 1
 2358777, 1
 2359816, 1

Accessory
 2358642, 1
 2358995, 6
 2358997, 4
 2359322, 1
 2360127, 1
 2361424, 1

#Genome 104
Core
 2358517, 2
 2358777, 1

Accessory
 2358995, 7
 2359356, 1
 2359359, 1
 2360127, 1
 2361446, 1

#Genome 105
Core
 2358517, 2
 2358777, 1
 2359816, 1

Accessory
 2358642, 1
 2358995, 6
 2358997, 1
 2359322, 1
 2360127, 1
 2361424, 1

#Genome 106
Core
 2358517, 2
 2358777, 1
 2359816, 1

Accessory
 2358642, 1
 2358995, 6
 2358997, 2
 2359322, 1
 2359357, 1
 2360127, 1
 2360606, 1
 2361067, 1
 2361070, 1
 2361337, 1
 2361424, 1
 2361888, 1
 2361890, 1
 2362377, 1
 2362378, 1

#Genome 107
Core
 2358517, 1
 2358777, 1
 2359788, 1
 2360243, 1

Accessory
 2358995, 1
 2359369, 1
 2359424, 1
 2359425, 1
 2359602, 2
 2359835, 6
 2360936, 1
 2361033, 1
 2361036, 1
 2361430, 1
 2361434, 1

#Genome 108
Core
 2358641, 2
 2358777, 1
 2359915, 1
 2359974, 1

Accessory
 2358995, 5
 2359321, 1
 2359323, 1
 2359372, 1
 2359566, 1
 2360857, 1
 2360874, 1
 2361012, 1
 2361013, 1
 2361015, 1
 2361017, 1
 2361019, 1
 2361021, 1
 2361024, 1
 2361025, 1
 2361026, 1
 2361027, 1
 2361028, 1
 2361029, 1
 2361031, 1
 2361032, 1
 2361034, 1
 2361333, 1
 2361448, 1
 2361449, 1
 2361496, 1
 2362168, 1
 2362170, 1
 2362315, 1
 2362407, 1

#Genome 109
Core
 2358517, 2
 2359065, 1
 2359751, 1

Accessory
 2358995, 10
 2359251, 1
 2359319, 1
 2359320, 1
 2359324, 1
 2359325, 1
 2359331, 1
 2359361, 1
 2359469, 1
 2359470, 1
 2359877, 1
 2360287, 1
 2360288, 1
 2360315, 1
 2360472, 1
 2361041, 1
 2361602, 1
 2362168, 1

#Genome 110
Core
 2358517, 2
 2358777, 1
 2359065, 1
 2359115, 1
 2360236, 1

Accessory
 2358995, 3
 2359254, 1
 2359353, 1
 2359469, 1
 2359470, 1
 2359520, 1
 2359602, 2
 2359622, 1
 2359652, 1
 2359835, 19
 2360874, 1
 2360888, 1
 2361430, 1
 2361434, 1

#Genome 111
Core
 2358517, 2
 2358777, 1

Accessory
 2358995, 3
 2359252, 1
 2359353, 1
 2359355, 1
 2360783, 1
 2361040, 1
 2361648, 1
 2361650, 1

#Genome 112
Core
 2358517, 2
 2358777, 1

Accessory
 2358995, 3
 2359252, 1
 2359355, 1
 2359489, 1
 2359496, 1
 2360704, 1
 2360783, 1
 2360905, 1
 2360908, 1
 2360930, 1
 2360940, 1
 2361186, 1
 2361337, 1
 2361612, 1
 2361614, 1
 2361702, 1
 2361703, 1
 2361704, 1

#Genome 113
Core
 2358517, 2
 2358777, 1
 2359098, 1

Accessory
 2358607, 1
 2358642, 1
 2359063, 1
 2359259, 1
 2359355, 1
 2359520, 1
 2359605, 2
 2359835, 11
 2359842, 2
 2359877, 1
 2360996, 1
 2361066, 1
 2361067, 1
 2361080, 1

#Genome 114
Core
 2358517, 2
 2358777, 1
 2359164, 1

Accessory
 2358995, 3
 2358998, 1
 2359904, 1

#Genome 115
Core
 2358517, 2
 2358722, 1
 2358777, 1
 2360376, 1

Accessory
 2358995, 1
 2359323, 1
 2359331, 1
 2359424, 1

#Genome 116
Core
 2358517, 2
 2358777, 1
 2359092, 1
 2359138, 1
 2360039, 1

Accessory
 2358995, 1
 2359321, 1
 2359326, 1
 2359353, 1
 2360783, 1
 2362380, 1
 2363329, 1

#Genome 117
Core
 2358517, 2
 2358777, 1
 2360191, 1
 2360273, 1

Accessory
 2358995, 7
 2359063, 1
 2359321, 1
 2359366, 1
 2359834, 1
 2360313, 1
 2361449, 1
 2362143, 1
 2362377, 1
 2362378, 1
 2362938, 4

#Genome 118
Core
 2358517, 2
 2358777, 1

Accessory
 2358995, 2
 2359471, 1
 2359520, 1
 2359605, 1
 2359644, 1
 2360287, 1
 2360288, 1
 2361041, 1

#Genome 119
Core
 2358517, 2
 2358777, 1
 2359065, 1

Accessory
 2358995, 2
 2359251, 1
 2359381, 1
 2359644, 1
 2359877, 1
 2360874, 1
 2360888, 1
 2360992, 1
 2361041, 1
 2361067, 1

#Genome 120
Core
 2358517, 2
 2358707, 1
 2358777, 1

Accessory
 2358995, 4
 2358996, 2
 2359251, 1
 2359353, 1
 2359360, 1
 2360311, 5
 2360312, 5
 2361007, 1

#Genome 121
Core
 2358517, 2
 2358641, 1
 2358677, 1
 2358777, 1
 2359708, 1

Accessory
 2359264, 1
 2359321, 1
 2359375, 1
 2359422, 1
 2360313, 3
 2361449, 1
 2361496, 1

#Genome 122
Core
 2358517, 2
 2358777, 1
 2358982, 1
 2359065, 1
 2360134, 1

Accessory
 2358995, 2
 2359353, 1
 2359469, 1
 2359470, 1
 2359605, 1
 2359608, 1
 2359644, 2
 2359835, 3
 2360472, 1
 2360526, 1
 2360992, 1
 2360997, 1
 2361041, 1
 2361067, 1
 2361248, 1
 2361338, 1
 2361430, 1
 2361434, 1
 2361932, 1
 2362161, 1
 2362162, 1

#Genome 123
Core
 2358517, 2
 2358707, 1
 2358777, 1

Accessory
 2358995, 4
 2358996, 3
 2359251, 1
 2359353, 1
 2359360, 1
 2359566, 1
 2359606, 1
 2360287, 1
 2360288, 1
 2360311, 5
 2360312, 5
 2360854, 1
 2360874, 1
 2360992, 1
 2360997, 1
 2361066, 1
 2361067, 1
 2361080, 1
 2361424, 1
 2361648, 1
 2361650, 1
 2362982, 1

#Genome 124
Core
 2358517, 2
 2358777, 1
 2359880, 3
 2359974, 1

Accessory
 2359235, 1
 2359351, 1
 2359353, 2
 2359877, 3
 2359887, 2
 2360159, 1
 2360311, 1
 2360318, 1
 2361059, 1
 2361867, 1
 2363341, 1
 2363508, 1
 2363510, 1
 2364510, 1

#Genome 125
Core
 2358517, 2
 2358777, 1

Accessory
 2359252, 1
 2359605, 1
 2359644, 2
 2360287, 1
 2360288, 1
 2360472, 1
 2360874, 1
 2361486, 1

#Genome 126
Core
 2358517, 2
 2358544, 1
 2358569, 1
 2358777, 1
 2358969, 1
 2360101, 1
 2360144, 1
 2360687, 1
 2360793, 1

Accessory
 2358995, 1
 2359108, 1
 2359322, 1
 2359471, 1
 2359474, 1
 2359475, 1
 2359477, 1
 2359520, 1
 2359550, 1
 2359565, 1
 2359601, 1
 2359605, 1
 2359608, 1
 2359645, 1
 2360666, 1
 2360915, 1
 2360934, 1
 2360941, 1
 2361005, 1
 2361007, 2
 2361411, 1
 2361496, 1

#Genome 127
Core
 2358517, 2
 2358777, 1

Accessory
 2358995, 4
 2358997, 1
 2359322, 1
 2359571, 1
 2360312, 1
 2360313, 1
 2360588, 1

#Genome 128
Core
 2358517, 2
 2358777, 1

Accessory
 2359252, 1
 2359372, 1
 2360287, 1
 2360288, 1
 2360585, 1
 2360940, 1
 2361041, 2
 2361049, 1
 2361342, 1
 2361431, 1
 2361434, 1
 2362263, 1
 2364608, 1

#Genome 129
Core
 2358517, 2
 2358777, 1

Accessory
 2358995, 7
 2359252, 1
 2359322, 1
 2359324, 1
 2359356, 1
 2359359, 1
 2359521, 1
 2359522, 1
 2359525, 1
 2359528, 1
 2359529, 1
 2359535, 1
 2359541, 1
 2359657, 1
 2360923, 1
 2361007, 1
 2361033, 1
 2361066, 1
 2361595, 1
 2361745, 1
 2361888, 1
 2361909, 1
 2361910, 1
 2361911, 1
 2362062, 1
 2362063, 1
 2362065, 1
 2362147, 1
 2363978, 1

#Genome 130
Core
 2358517, 2
 2358777, 1
 2359315, 1
 2359880, 1

Accessory
 2358998, 1
 2358999, 1
 2359251, 1
 2359319, 1
 2359320, 1
 2359324, 1
 2359328, 1
 2359359, 1
 2359877, 1
 2362015, 1

#Genome 131
Core
 2358517, 2
 2358777, 1
 2360134, 1

Accessory
 2358995, 1
 2358997, 1
 2359256, 1
 2360192, 1
 2360193, 1
 2361041, 1
 2361049, 1

#Genome 132
Core
 2358517, 2
 2358777, 1

Accessory
 2358995, 1
 2359251, 1
 2359322, 1
 2359353, 1
 2359357, 1
 2359363, 1
 2359460, 1
 2359607, 1
 2360491, 1
 2360888, 1
 2360915, 1
 2360925, 1
 2360934, 1
 2360940, 1
 2361005, 1
 2361007, 2
 2362086, 1

#Genome 133
Core
 2358517, 1
 2358777, 1
 2359958, 1

Accessory
 2358995, 1
 2359251, 1
 2359322, 1
 2359353, 1
 2359357, 1
 2359363, 2
 2360491, 1

#Genome 134
Core
 2358517, 2
 2358539, 1
 2358777, 1
 2359813, 1

Accessory
 2358995, 3
 2359252, 1
 2359355, 1
 2360783, 1
 2361449, 1
 2361541, 1
 2361584, 1
 2361648, 1
 2361650, 1

#Genome 135
Core
 2358517, 1
 2358777, 1
 2358977, 1
 2359816, 1
 2360433, 1

Accessory
 2358642, 1
 2358995, 4
 2358997, 1
 2359325, 1
 2359643, 1
 2360127, 1
 2360905, 1
 2360908, 1
 2360936, 1
 2360992, 1
 2360995, 1
 2360998, 1
 2361000, 1
 2361001, 1
 2361004, 1
 2361041, 1
 2361048, 1
 2361066, 1
 2361067, 1
 2361337, 1
 2361342, 1
 2361424, 1
 2361430, 1
 2361434, 1
 2361614, 1
 2361888, 1
 2362168, 1
 2362353, 1

#Genome 136
Core
 2358517, 2
 2358777, 1

Accessory
 2358995, 8
 2359253, 2
 2359319, 1
 2359320, 1
 2359328, 1
 2359330, 1
 2359607, 1
 2359835, 4
 2359877, 1
 2360889, 1
 2361040, 1
 2361042, 1
 2361651, 1

#Genome 137
Core
 2358517, 2
 2358777, 1

Accessory
 2358995, 3
 2359252, 1
 2359355, 1
 2360783, 1
 2361040, 1
 2361648, 1
 2361650, 1

#Genome 138
Core
 2358517, 2
 2358777, 1
 2359816, 1

Accessory
 2358642, 1
 2358995, 8
 2358997, 3
 2359013, 1
 2359322, 1
 2359324, 1
 2360127, 1
 2361424, 1

#Genome 139
Core
 2358517, 2
 2358777, 1

Accessory
 2358995, 1
 2359321, 1
 2359323, 1
 2359469, 1
 2359470, 1
 2359834, 1
 2360545, 1
 2360588, 1
 2360703, 1
 2360710, 1
 2360715, 1
 2360717, 1
 2360724, 1
 2360725, 1
 2360726, 1
 2360728, 1
 2360817, 1
 2360823, 1
 2360825, 1
 2360830, 1
 2360832, 1
 2360833, 1
 2360834, 1
 2360841, 1
 2360842, 1
 2360843, 1
 2360844, 1
 2360874, 1
 2360888, 1
 2361033, 1
 2361355, 2
 2361358, 1
 2361359, 1
 2361361, 1
 2361449, 1
 2361619, 1
 2361621, 1
 2361622, 1
 2361625, 1
 2361631, 1
 2361632, 1
 2361635, 1
 2361644, 1
 2361686, 1
 2361994, 1
 2363806, 1

#Genome 140
Core
 2358517, 2
 2358777, 1
 2358958, 1

Accessory
 2358995, 3
 2359252, 1
 2359355, 1
 2360783, 1

#Genome 141
Core
 2358517, 1
 2358777, 1
 2359816, 1
 2360190, 1

Accessory
 2358642, 1
 2358995, 6
 2358997, 1
 2359322, 1
 2360127, 1
 2361424, 1

#Genome 142
Core
 2358517, 2
 2358707, 1
 2358777, 1

Accessory
 2358995, 4
 2358996, 3
 2359251, 1
 2359353, 1
 2359360, 1
 2359606, 1
 2360287, 1
 2360288, 1
 2360311, 5
 2360312, 5
 2360854, 1
 2360874, 1
 2361424, 1
 2361648, 1
 2361650, 1

#Genome 143
Core
 2358517, 2
 2358641, 1
 2358777, 1

Accessory
 2358995, 1
 2359063, 1
 2359255, 1
 2359321, 1
 2359326, 1
 2359363, 1
 2359425, 1
 2360193, 1
 2360491, 1

#Genome 144
Core
 2358517, 2
 2358707, 1
 2358777, 1

Accessory
 2358995, 4
 2358996, 3
 2359251, 1
 2359353, 1
 2359360, 1
 2360287, 1
 2360288, 1
 2360311, 5
 2360312, 4
 2361424, 1

#Genome 145
Core
 2358517, 2
 2358777, 1

Accessory
 2358642, 1
 2359251, 2
 2359319, 1
 2359320, 1
 2359326, 1
 2359342, 1
 2359356, 2
 2359520, 1
 2359837, 1
 2360905, 1
 2360915, 1
 2360923, 1
 2360934, 1
 2360940, 1
 2361005, 1
 2361007, 1
 2361496, 1
 2361497, 1
 2361533, 1
 2361650, 1
 2364739, 4
 2364759, 8
 2364784, 1

#Genome 146
Core
 2358517, 2
 2358777, 1
 2359152, 1
 2359352, 1

Accessory
 2358995, 3
 2359253, 1
 2359319, 1
 2359320, 1
 2359323, 2
 2359334, 1
 2359353, 2
 2359422, 1

#Genome 147
Core
 2358517, 2
 2358777, 1
 2359974, 1

Accessory
 2358995, 2
 2358996, 1
 2359251, 1
 2359319, 1
 2359320, 1
 2359322, 1
 2359356, 1
 2359877, 1
 2361424, 1

#Genome 148
Core
 2358517, 2
 2359065, 1
 2359751, 1

Accessory
 2358995, 11
 2359251, 1
 2359319, 1
 2359320, 1
 2359324, 1
 2359325, 1
 2359331, 1
 2359361, 1
 2359606, 1
 2359877, 1
 2360315, 1
 2360472, 1
 2360870, 1
 2360874, 1
 2362168, 1

#Genome 149
Core
 2358517, 2
 2358777, 1

Accessory
 2358995, 3
 2359252, 1
 2359321, 1
 2359322, 1
 2359353, 1
 2359354, 1
 2359360, 1
 2359774, 1
 2360759, 1

#Genome 150
Core
 2358517, 1
 2358777, 1

Accessory
 2358995, 3
 2359252, 1
 2359355, 1
 2360783, 1
 2361314, 1
 2361315, 1
 2361648, 1
 2361650, 1

#Genome 151
Core
 2358517, 2
 2358777, 1
 2360117, 1

Accessory
 2358536, 1
 2358995, 6
 2359252, 1
 2359363, 1
 2360311, 2
 2361414, 1
 2361496, 1
 2361497, 1
 2362175, 1

#Genome 152
Core
 2358517, 2
 2358777, 1

Accessory
 2359252, 1
 2359372, 1
 2360313, 1
 2360472, 1

#Genome 153
Core
 2358517, 2

Accessory
 2359319, 1
 2359320, 1
 2359324, 1
 2359325, 1
 2359877, 1
 2360287, 1
 2360288, 1
 2360311, 1
 2362015, 1

#Genome 154
Core
 2358517, 2
 2358539, 1
 2358777, 1

Accessory
 2358995, 1
 2359257, 1
 2359319, 1
 2359320, 1
 2359363, 1
 2359835, 6
 2361648, 1
 2361650, 1

#Genome 155
Core
 2358517, 2
 2358777, 1
 2359224, 1
 2360108, 1
 2360117, 1
 2360118, 2
 2360121, 1
 2360122, 2
 2360123, 4
 2360124, 2
 2360630, 1

Accessory
 2358995, 1
 2359835, 15
 2359837, 1
 2360109, 1
 2360113, 1
 2360125, 1
 2360311, 1

#Genome 156
Core
 2358517, 2
 2358663, 1
 2358777, 1

Accessory
 2358995, 1
 2359251, 1
 2359322, 1
 2359353, 1
 2359357, 1
 2359363, 1
 2360491, 1

#Genome 157
Core
 2358517, 2
 2358707, 1
 2358777, 1

Accessory
 2358995, 4
 2358996, 3
 2359251, 1
 2359353, 1
 2359360, 1
 2359606, 1
 2360287, 1
 2360288, 1
 2360311, 5
 2360312, 4
 2360854, 1
 2360874, 1
 2361424, 1

#Genome 158
Core
 2358517, 2
 2358777, 1
 2359816, 1
 2360190, 1
 2360791, 1

Accessory
 2358642, 1
 2358995, 6
 2359322, 1
 2360127, 1
 2361424, 1

#Genome 159
Core
 2358517, 2
 2358707, 1
 2358777, 1

Accessory
 2358995, 4
 2358996, 3
 2359251, 1
 2359353, 1
 2359360, 1
 2359605, 1
 2359645, 1
 2360287, 1
 2360288, 1
 2360311, 5
 2360312, 5
 2360854, 1
 2360923, 1
 2361007, 2
 2361067, 1
 2361077, 1
 2361080, 1

#Genome 160
Core
 2358517, 2
 2358777, 1
 2359301, 1

Accessory
 2359319, 1
 2359320, 1
 2359321, 1
 2359322, 1
 2359353, 1
 2359877, 1
 2360288, 1

#Genome 161
Core
 2358517, 2
 2358777, 1

Accessory
 2358995, 1
 2358997, 1
 2359326, 1
 2359330, 1
 2359357, 1
 2360292, 1
 2360457, 1
 2360717, 1
 2360718, 1
 2360735, 1
 2361496, 1

#Genome 162
Core
 2358777, 1
 2359974, 1

Accessory
 2358995, 4
 2361448, 1
 2361449, 1

#Genome 163
Core
 2358517, 2
 2358777, 1
 2359065, 1

Accessory
 2358995, 1
 2359353, 1
 2359362, 1
 2359377, 1
 2359605, 1
 2359645, 1
 2359877, 1
 2360287, 1
 2360288, 1

#Genome 164
Core
 2358517, 2
 2358777, 1

Accessory
 2359009, 1
 2359260, 1
 2359319, 1
 2359320, 1
 2359324, 1
 2359354, 1
 2359356, 1
 2359835, 3
 2360288, 1
 2361523, 1

#Genome 165
Core
 2358517, 1
 2358777, 1
 2359974, 1

Accessory
 2358995, 4
 2359321, 1
 2359323, 1
 2361448, 1
 2361449, 1

#Genome 166
Core
 2358517, 1
 2358777, 1

Accessory
 2358995, 3
 2358997, 1
 2359259, 1
 2359322, 1
 2360311, 1
 2360312, 1
 2361246, 1

#Genome 167
Core
 2358517, 2
 2358777, 1

Accessory
 2358995, 3
 2359252, 1
 2359355, 1
 2360195, 1
 2360783, 1

#Genome 168
Core
 2358517, 2
 2358777, 1
 2358958, 1
 2360687, 1

Accessory
 2358995, 8
 2359063, 1
 2359321, 1
 2359326, 1
 2359366, 1
 2360940, 1
 2362938, 1
 2362983, 1

#Genome 169
Core
 2358517, 2
 2358777, 1

Accessory
 2358995, 3
 2359252, 1
 2359323, 1
 2359355, 1
 2360783, 1

#Genome 170
Core
 2358517, 2
 2358777, 1
 2360134, 1

Accessory
 2358995, 1
 2358997, 1
 2359256, 1
 2359904, 1

#Genome 171
Core
 2358517, 2
 2358777, 1
 2360134, 1

Accessory
 2358995, 2
 2358996, 1
 2359353, 1
 2359354, 1
 2359374, 2
 2360287, 1
 2360288, 1
 2360472, 1

#Genome 172
Core
 2358517, 2
 2358777, 1

Accessory
 2358995, 4
 2359252, 1
 2359355, 1
 2359834, 1
 2360783, 1

#Genome 173
Core
 2358517, 2
 2358777, 1
 2360687, 1

Accessory
 2358995, 2
 2358996, 1
 2359255, 1
 2359321, 1
 2359322, 1
 2359362, 1
 2360666, 1
 2361496, 1

#Genome 174
Core
 2358517, 2
 2358707, 1
 2358777, 1

Accessory
 2358995, 4
 2358996, 3
 2359251, 1
 2359353, 1
 2359360, 1
 2359606, 1
 2360287, 1
 2360288, 1
 2360311, 5
 2360312, 5
 2360854, 1
 2360874, 1
 2361424, 1

#Genome 175
Core
 2358517, 2
 2358777, 1
 2358819, 1

Accessory
 2358536, 1
 2358995, 6
 2359330, 1
 2359359, 1
 2360557, 1

#Genome 176
Core
 2358517, 2
 2358529, 1
 2358722, 1
 2358777, 1
 2358988, 1
 2359788, 1

Accessory
 2359251, 2
 2359353, 2
 2359362, 2
 2359550, 2
 2359565, 1
 2359601, 1
 2359607, 1
 2359835, 7
 2359982, 1
 2360940, 1
 2360992, 1
 2360997, 1
 2361015, 1
 2361066, 1
 2361067, 1
 2361234, 1
 2361411, 1
 2361515, 1
 2361888, 1
 2362168, 1
 2362248, 1
 2362249, 1

#Genome 177
Core
 2358517, 2
 2358777, 1
 2359973, 1

Accessory
 2358995, 3
 2359252, 1
 2359355, 1
 2360783, 1

#Genome 178
Core
 2358517, 2
 2358777, 1
 2359297, 1
 2359299, 1
 2359300, 1
 2359301, 1
 2359303, 1
 2359304, 1
 2359305, 1
 2359306, 1
 2359313, 1
 2359314, 1
 2359315, 1
 2359317, 1
 2359318, 1
 2360126, 1

Accessory
 2358995, 1
 2358998, 1
 2359298, 1
 2359302, 1
 2359308, 1
 2359319, 1
 2359320, 1
 2359353, 1
 2359357, 1
 2359391, 1
 2361008, 1
 2361060, 1
 2361142, 1
 2361184, 1
 2361342, 1
 2361867, 1

#Genome 179
Core
 2358517, 2
 2358777, 1

Accessory
 2359251, 2
 2359319, 1
 2359320, 1
 2359326, 1
 2359345, 1
 2359356, 2
 2361496, 1
 2361497, 1
 2361533, 1
 2364759, 4

#Genome 180
Core
 2358517, 2
 2358777, 1
 2358962, 1
 2359244, 1

Accessory
 2358995, 3
 2359324, 1
 2359353, 1
 2359423, 1
 2360267, 1
 2361424, 1

#Genome 181
Core
 2358517, 2
 2358777, 1
 2359974, 1

Accessory
 2358995, 5
 2359063, 1
 2359321, 1
 2359323, 1
 2359650, 1
 2361007, 1
 2361448, 1
 2361449, 1
 2361650, 1
 2361905, 1
 2362315, 1
 2362403, 1

#Genome 182
Core
 2358517, 2
 2358777, 1

Accessory
 2359252, 1
 2359359, 1
 2359877, 1
 2360287, 1
 2360288, 1
 2361137, 1
 2361182, 1
 2361195, 1
 2361196, 1
 2361325, 1
 2361822, 1
 2362709, 1

#Genome 183
Core
 2358517, 3
 2358777, 1
 2360684, 1

Accessory
 2358995, 2
 2358996, 1
 2359427, 1
 2359904, 1
 2360193, 1

#Genome 184
Core
 2358517, 2
 2358777, 1

Accessory
 2358642, 1
 2359331, 1

#Genome 185
Core
 2358517, 2
 2358777, 1
 2358897, 1
 2359974, 1

Accessory
 2358995, 6
 2359353, 1
 2359469, 1
 2359470, 1
 2359474, 1
 2359475, 1
 2359477, 1
 2359478, 1
 2359479, 1
 2359481, 1
 2359520, 1
 2359835, 3
 2360314, 1
 2360888, 1
 2360916, 1
 2361653, 1
 2362368, 1
 2362369, 1
 2362938, 5

#Genome 186
Core
 2358517, 2
 2358539, 1
 2358777, 1
 2360134, 1

Accessory
 2358995, 5
 2359256, 1
 2359319, 1
 2359320, 1
 2359323, 1
 2359324, 2
 2359353, 2
 2359422, 1

#Genome 187
Core
 2358517, 2
 2358777, 1
 2359065, 1

Accessory
 2358995, 1
 2359353, 1
 2359424, 1
 2360287, 1
 2360288, 1

#Genome 188
Core
 2358517, 2
 2358707, 1
 2358777, 1
 2360376, 1

Accessory
 2358995, 4
 2358996, 3
 2359251, 1
 2359353, 1
 2359360, 1
 2359520, 1
 2360311, 5
 2360312, 5
 2360923, 1
 2360996, 1
 2361007, 1
 2361062, 1
 2361066, 1
 2361067, 1
 2361069, 1
 2361077, 1
 2361078, 1
 2361080, 1

#Genome 189
Core
 2358517, 2
 2358777, 1

Accessory
 2358995, 3
 2359252, 1
 2359355, 1
 2360783, 1

#Genome 190
Core
 2358517, 2
 2358777, 1
 2358977, 1
 2359816, 1
 2360433, 1

Accessory
 2358642, 1
 2358995, 4
 2358997, 2
 2359325, 1
 2359496, 1
 2359643, 1
 2360127, 1
 2360905, 1
 2360908, 1
 2360930, 1
 2360936, 1
 2360992, 1
 2360995, 1
 2360998, 1
 2361000, 1
 2361001, 1
 2361004, 1
 2361041, 1
 2361066, 1
 2361067, 1
 2361337, 1
 2361342, 1
 2361424, 1
 2361430, 1
 2361434, 1
 2361614, 1
 2361888, 1
 2362168, 1
 2362353, 1

#Genome 191
Core
 2358517, 2
 2358777, 1

Accessory
 2358995, 2
 2359321, 1
 2359424, 1
 2359436, 1
 2359602, 1
 2359616, 1
 2359645, 1
 2359650, 1
 2360313, 1
 2360368, 1
 2360874, 1
 2361314, 1
 2361315, 1
 2361533, 1

#Genome 192
Core
 2358517, 2
 2358777, 1
 2359751, 1
 2359796, 1

Accessory
 2359322, 1
 2359568, 1
 2359644, 1
 2360192, 1
 2360193, 1
 2360314, 1
 2360874, 1
 2360923, 1
 2361033, 1
 2361449, 1
 2361499, 1
 2361652, 1
 2362161, 1

#Genome 193
Core
 2358517, 2
 2358777, 1

Accessory
 2358995, 3
 2359252, 1
 2359355, 1
 2360783, 1

#Genome 194
Core
 2358517, 2
 2359751, 1

Accessory
 2358995, 1
 2359063, 1
 2359322, 1
 2359340, 1
 2359359, 1
 2364028, 1

#Genome 195
Core
 2358517, 2
 2358722, 1
 2358729, 1
 2358777, 1
 2359065, 1
 2359974, 1

Accessory
 2358995, 2
 2359252, 1
 2359353, 1
 2359362, 1
 2359494, 1
 2359497, 1
 2359553, 1
 2359602, 1
 2359616, 2
 2359645, 1
 2359837, 1
 2360874, 1
 2360905, 1
 2360916, 1
 2360923, 1
 2360940, 1
 2360942, 1
 2361007, 1
 2361883, 1
 2361905, 1
 2362082, 1
 2362110, 1
 2364332, 1

#Genome 196
Core
 2358517, 2
 2358777, 1
 2359748, 1

Accessory
 2358995, 3
 2359252, 1
 2359355, 1
 2360783, 1
 2361575, 1

#Genome 197
Core
 2358517, 2
 2358549, 1
 2358707, 1
 2358777, 1
 2358970, 1
 2359204, 1
 2360439, 1

Accessory
 2358754, 1
 2358995, 4
 2358996, 3
 2359251, 1
 2359353, 1
 2359360, 1
 2359769, 1
 2360311, 5
 2360312, 4
 2360575, 1
 2361007, 1
 2361480, 1
 2364217, 1

#Genome 198
Core
 2358517, 2
 2358529, 1
 2358777, 1
 2358988, 1
 2359788, 1
 2360782, 1

Accessory
 2359251, 1
 2359353, 2
 2359362, 1
 2359550, 1
 2359565, 1
 2359601, 1
 2359835, 7
 2359877, 1
 2360940, 1
 2360992, 1
 2360997, 1
 2361015, 1
 2361066, 1
 2361067, 1
 2361234, 1
 2361411, 1
 2361888, 1
 2362168, 1

#Genome 199
Core
 2358517, 2
 2358777, 1
 2358981, 1

Accessory
 2358995, 12
 2359324, 1
 2359353, 1
 2359494, 1
 2359516, 1
 2359520, 1
 2359573, 1
 2359644, 2
 2359835, 3
 2360158, 1
 2360870, 1
 2360874, 1
 2360888, 2
 2361060, 1
 2361067, 1
 2361080, 1
 2361085, 1
 2361153, 1
 2361593, 1
 2361616, 1
 2361617, 1
 2361618, 1
 2361619, 1
 2361621, 1
 2361629, 1
 2361632, 1
 2361637, 1
 2361867, 1
 2361883, 1
 2361888, 1
 2361924, 1
 2361928, 1
 2361929, 1
 2361932, 1
 2361933, 1
 2361936, 1
 2361937, 1
 2361939, 1
 2361940, 1
 2361941, 1
 2362816, 1

#Genome 200
Core
 2358517, 2
 2358707, 1
 2358777, 1

Accessory
 2358995, 4
 2358996, 3
 2359251, 1
 2359353, 1
 2359360, 1
 2360287, 1
 2360288, 1
 2360311, 5
 2360312, 4
 2360960, 1
 2361424, 1

#Genome 201
Core
 2358517, 2
 2358777, 1

Accessory
 2358995, 3
 2359252, 1
 2359355, 1
 2360783, 1
 2360889, 1
 2361040, 1
 2361044, 1
 2361648, 1
 2361650, 1
 2361651, 1

#Genome 202
Core
 2358517, 2
 2358777, 1
 2359224, 1
 2359816, 1

Accessory
 2358995, 6
 2358997, 1
 2359322, 1
 2360127, 1
 2361424, 1

#Genome 203
Core
 2358517, 2
 2358777, 1
 2359221, 1
 2359748, 1

Accessory
 2358995, 1
 2359322, 2

#Genome 204
Core
 2358517, 2
 2358529, 1
 2358777, 1
 2358988, 1
 2359788, 1
 2359803, 1

Accessory
 2359251, 1
 2359357, 2
 2359373, 1
 2359550, 1
 2359565, 1
 2359601, 2
 2359616, 1
 2359644, 1
 2359835, 7
 2360874, 1
 2360894, 1
 2360940, 1
 2360992, 1
 2360996, 1
 2361015, 1
 2361066, 1
 2361067, 1
 2361080, 1
 2361234, 1
 2361411, 1
 2362168, 1

#Genome 205
Core
 2358517, 2
 2358529, 1
 2358777, 1
 2358988, 1
 2359788, 1

Accessory
 2359251, 1
 2359357, 2
 2359373, 1
 2359550, 1
 2359565, 1
 2359601, 2
 2359616, 1
 2359644, 1
 2359835, 7
 2360874, 1
 2360894, 1
 2360940, 1
 2360992, 1
 2360996, 1
 2361015, 1
 2361066, 1
 2361067, 1
 2361069, 1
 2361077, 1
 2361080, 1
 2361234, 1
 2361411, 1
 2362168, 1

#Genome 206
Core
 2358517, 2
 2358769, 1
 2358777, 1

Accessory
 2358995, 4
 2360709, 1
 2360715, 1
 2360717, 1
 2360725, 1
 2360726, 1
 2360783, 1
 2361517, 1
 2361994, 1

#Genome 207
Core
 2358517, 2
 2358777, 1
 2358977, 1
 2359751, 1

Accessory
 2359322, 1
 2359324, 1
 2359331, 1
 2359353, 1
 2359358, 2
 2359424, 1
 2360582, 1
 2360946, 1
 2360947, 1
 2360949, 1
 2360951, 1
 2360952, 1
 2360953, 1
 2360954, 1
 2360955, 1
 2360956, 1
 2360958, 1
 2360960, 1
 2360961, 1
 2360962, 1
 2360963, 1
 2360964, 1
 2360965, 1
 2360966, 1
 2360967, 1
 2360968, 1
 2360969, 1
 2361429, 1
 2361431, 1
 2361434, 1
 2362054, 1

#Genome 208
Core
 2358517, 2
 2358740, 1
 2358777, 1
 2360090, 1
 2360611, 1

Accessory
 2358995, 7
 2358998, 1
 2359063, 1
 2359321, 1
 2359366, 1
 2362938, 1
 2362983, 1

#Genome 209
Core
 2358517, 2
 2358777, 1
 2358977, 1
 2359816, 1
 2360433, 1

Accessory
 2358642, 1
 2358995, 4
 2358997, 2
 2359325, 1
 2359496, 1
 2360127, 1
 2360905, 1
 2360908, 1
 2360930, 1
 2360936, 1
 2360992, 1
 2360995, 1
 2360998, 1
 2361000, 1
 2361001, 1
 2361004, 1
 2361041, 1
 2361066, 1
 2361067, 1
 2361337, 1
 2361342, 1
 2361424, 1
 2361430, 1
 2361434, 1
 2361614, 1
 2361888, 1
 2362168, 1
 2362353, 1

#Genome 210
Core
 2358517, 2
 2358777, 1
 2358819, 1
 2360236, 1
 2360664, 1

Accessory
 2358995, 5
 2359356, 1
 2360267, 1
 2360557, 1

#Genome 211
Core
 2358517, 2
 2358777, 1
 2359751, 1

Accessory
 2359251, 2
 2359319, 1
 2359320, 1
 2359321, 1
 2359326, 1
 2359370, 1
 2360545, 1
 2361012, 1
 2361496, 1
 2361497, 1
 2364739, 4
 2364759, 8

#Genome 212
Core
 2358517, 2
 2358777, 1
 2359224, 1
 2359300, 1
 2359816, 1
 2360023, 1
 2360781, 1

Accessory
 2358995, 3
 2358997, 5
 2359002, 3
 2359322, 1
 2359324, 1
 2360127, 1
 2360230, 1
 2361424, 1

#Genome 213
Core
 2358517, 2
 2358777, 1
 2359224, 1
 2359751, 1

Accessory
 2358995, 6

#Genome 214
Core
 2358517, 1
 2358777, 1
 2358981, 1

Accessory
 2358995, 4
 2358997, 3
 2359322, 1
 2360312, 1

#Genome 215
Core
 2358517, 2
 2358777, 1

Accessory
 2358995, 3
 2359252, 1
 2359355, 1
 2359556, 1
 2359602, 1
 2359612, 1
 2360783, 1
 2360888, 1
 2361040, 1
 2361045, 1
 2361648, 1
 2361650, 1

#Genome 216
Core
 2358517, 2
 2358777, 1

Accessory
 2358995, 3
 2359252, 1
 2359322, 1
 2359360, 1
 2360783, 1
 2361648, 1
 2361649, 1
 2361650, 1

#Genome 217
Core
 2358517, 2
 2358777, 1
 2360567, 1

Accessory
 2358995, 4
 2359252, 1
 2359355, 1
 2360783, 1

#Genome 218
Core
 2358517, 2
 2358777, 1

Accessory
 2358995, 3
 2359252, 1
 2359355, 1
 2359489, 1
 2359496, 1
 2360704, 1
 2360783, 1
 2360905, 1
 2360908, 1
 2360930, 1
 2360940, 1
 2361186, 1
 2361337, 1
 2361612, 1
 2361614, 1
 2361702, 1
 2361703, 1
 2361704, 1

#Genome 219
Core
 2358517, 1
 2358707, 1
 2358777, 1
 2360134, 1

Accessory
 2358995, 4
 2358996, 3
 2359251, 1
 2359353, 1
 2359360, 1
 2359605, 1
 2359645, 1
 2360287, 1
 2360288, 1
 2360311, 5
 2360312, 5
 2360854, 1
 2361067, 1
 2361424, 1

#Genome 220
Core
 2358517, 2
 2358777, 1

Accessory
 2359322, 1
 2359498, 1
 2360192, 1
 2360193, 1
 2360215, 1
 2360874, 1
 2360992, 1
 2361066, 1
 2361448, 1
 2361499, 1
 2361883, 1
 2361888, 1
 2363546, 1

#Genome 221
Core
 2358517, 2
 2358777, 1
 2359092, 1
 2359138, 1

Accessory
 2358995, 1
 2359321, 1
 2359326, 1
 2359353, 1
 2360193, 1
 2360783, 1

#Genome 222
Core
 2358517, 2
 2358777, 1

Accessory
 2358995, 1
 2359321, 1
 2359322, 1
 2359460, 1
 2359520, 1
 2360491, 1
 2360888, 1
 2360915, 1
 2360925, 1
 2360934, 1
 2360941, 1
 2361005, 1
 2361007, 2
 2362086, 1

#Genome 223
Core
 2358517, 2
 2358777, 1
 2359751, 1
 2359974, 1

Accessory
 2358995, 2
 2358997, 8
 2359001, 8
 2359353, 2
 2359354, 1
 2359362, 1
 2359607, 1
 2359837, 1
 2359904, 1
 2360855, 1
 2360997, 1
 2361067, 1
 2361095, 1
 2361096, 1
 2361097, 1
 2361098, 1
 2361099, 1
 2361101, 1
 2361102, 1
 2361103, 1
 2361104, 1
 2361105, 1
 2361111, 1
 2361120, 1
 2361121, 1
 2361888, 1
 2362429, 1
 2362739, 1

#Genome 224
Core
 2358777, 1
 2359925, 1

Accessory
 2358995, 4
 2359252, 1
 2359322, 1
 2359355, 1
 2360783, 1
 2361449, 1

#Genome 225
Core
 2358777, 1
 2359974, 1

Accessory
 2358995, 4
 2359321, 1
 2359323, 1
 2361448, 1
 2361449, 1

#Genome 226
Core
 2358517, 2
 2358707, 1
 2358777, 1
 2360376, 1

Accessory
 2358995, 4
 2358996, 3
 2359251, 1
 2359353, 1
 2359360, 1
 2360287, 1
 2360288, 1
 2360311, 4
 2360312, 4
 2361007, 1
 2361396, 1

#Genome 227
Core
 2358517, 2
 2358777, 1
 2360740, 1

Accessory
 2358995, 6
 2359253, 1
 2359325, 1
 2359353, 1
 2359368, 1
 2359394, 1
 2360267, 1
 2360368, 1

#Genome 228
Core
 2358517, 2
 2358707, 1
 2358777, 1

Accessory
 2358995, 4
 2358996, 3
 2359251, 1
 2359354, 1
 2359360, 1
 2359606, 1
 2360287, 1
 2360288, 1
 2360311, 5
 2360312, 5
 2360854, 1
 2360874, 1
 2361424, 1
 2361648, 1
 2361650, 1

#Genome 229
Core
 2358517, 2
 2358707, 1
 2358777, 1
 2360376, 1

Accessory
 2358995, 4
 2358996, 3
 2359251, 1
 2359353, 1
 2359360, 1
 2360287, 1
 2360288, 1
 2360311, 5
 2360312, 5
 2361007, 1
 2361375, 1

#Genome 230
Core
 2358517, 2
 2358777, 1
 2359816, 1

Accessory
 2358642, 1
 2358995, 4
 2358997, 2
 2359325, 1
 2359605, 1
 2360127, 1
 2360992, 1
 2360996, 1
 2361066, 1
 2361338, 1
 2361424, 1
 2362738, 1

#Genome 231
Core
 2358517, 2
 2358777, 1
 2359974, 1

Accessory
 2358995, 5
 2359321, 1
 2359323, 1
 2361448, 1
 2361449, 1

#Genome 232
Core
 2358517, 2
 2358777, 1

Accessory
 2358995, 3
 2359252, 1
 2359355, 1
 2360783, 1
 2361648, 1
 2361650, 1

#Genome 233
Core
 2358517, 2
 2358777, 1

Accessory
 2359009, 1
 2359251, 1
 2360192, 1
 2360193, 1
 2360313, 1
 2361496, 1

#Genome 234
Core
 2358517, 2
 2358707, 1
 2358777, 1

Accessory
 2358995, 4
 2358996, 3
 2359251, 1
 2359353, 1
 2359360, 1
 2359606, 1
 2360287, 1
 2360288, 1
 2360311, 5
 2360312, 5
 2360854, 1
 2360874, 1
 2361424, 1
 2361648, 1
 2361650, 1

#Genome 235
Core
 2358517, 2
 2358777, 1
 2358965, 1

Accessory
 2358536, 1
 2358995, 3
 2359009, 1
 2359251, 1
 2359319, 1
 2359320, 1
 2359335, 1
 2359337, 1
 2359353, 2
 2359355, 2
 2359394, 1
 2359835, 6
 2361471, 1
 2361499, 1

#Genome 236
Core
 2358517, 2
 2358729, 1
 2358777, 1
 2359094, 1
 2359096, 1
 2359097, 1
 2359098, 1
 2359099, 1
 2359102, 1
 2359103, 1
 2359104, 1
 2359105, 1
 2359106, 1
 2359957, 1

Accessory
 2358995, 2
 2358997, 2
 2359063, 1
 2359095, 1
 2359100, 1
 2359322, 1
 2359368, 1
 2359378, 1
 2360192, 1
 2360193, 1

#Genome 237
Core
 2358517, 2
 2358777, 1

Accessory
 2358995, 4
 2359321, 1
 2359366, 1
 2360313, 1
 2361040, 1
 2361446, 1
 2361533, 1
 2362938, 3

#Genome 238
Core
 2358517, 2
 2358707, 1
 2358777, 1
 2360003, 1
 2360027, 1
 2360376, 1

Accessory
 2358995, 4
 2358996, 3
 2359251, 1
 2359353, 1
 2359360, 2
 2360287, 1
 2360288, 1
 2360311, 4
 2360312, 3
 2360588, 1
 2361007, 1
 2361396, 1
 2361449, 1

#Genome 239
Core
 2358517, 2
 2358777, 1

Accessory
 2358536, 1
 2358995, 3
 2359251, 1
 2359319, 1
 2359320, 1
 2359335, 1
 2359337, 1
 2359355, 2
 2359835, 8

#Genome 240
Core
 2358517, 2
 2358777, 1

Accessory
 2358995, 5
 2359063, 1
 2359254, 1
 2359325, 1
 2359359, 1
 2360666, 1
 2362147, 1
 2365272, 1

#Genome 241
Core
 2358517, 2
 2358700, 1
 2358707, 1
 2358777, 1

Accessory
 2358995, 4
 2358996, 3
 2359251, 1
 2359353, 1
 2359360, 1
 2360287, 1
 2360288, 1
 2360311, 5
 2360312, 3
 2360580, 1
 2360588, 1
 2360606, 1
 2361007, 1

#Genome 242
Core
 2358517, 2
 2358777, 1
 2359242, 1

Accessory
 2359325, 1
 2359334, 1
 2359351, 1
 2359391, 1
 2359424, 1

#Genome 243
Core
 2358517, 2
 2358777, 1

Accessory
 2358995, 3
 2359252, 1
 2359355, 1
 2360783, 1
 2361040, 1
 2361648, 1
 2361650, 1

#Genome 244
Core
 2358517, 2
 2358777, 1
 2360374, 1

Accessory
 2358995, 3
 2359252, 1
 2359355, 1
 2360501, 1
 2360783, 1
 2361650, 1
 2361652, 1

#Genome 245
Core
 2358517, 2
 2358777, 1
 2358819, 1
 2359244, 1
 2359249, 1
 2359751, 1

Accessory
 2358995, 3
 2359255, 1
 2359322, 1
 2359356, 1
 2359359, 1

#Genome 246
Core
 2358517, 2
 2358777, 1

Accessory
 2359252, 1
 2359372, 1
 2360287, 1
 2360288, 1
 2360940, 1
 2361041, 2
 2361049, 1
 2361342, 1
 2361431, 1
 2361434, 1
 2362263, 1

#Genome 247
Core
 2358517, 2
 2358641, 1
 2358777, 1
 2359915, 1
 2359974, 1

Accessory
 2358995, 5
 2359251, 1
 2359321, 1
 2359323, 1
 2359365, 1
 2361448, 1
 2361449, 1
