14466259
6810084
4587552
2573574
1725789
1310725
1047100
844758
722754
649205
545504
493119
455268
355396
316010
288423
279118
264837
275122
285810
252176
263447
344746
219073
206208
216229
228288
230570
189970
194622
180182
196113
177648
210502
369792
135942
128854
136086
113592
105433
113768
114202
112327
136698
165196
145341
205935
377654
68860
64198
64278
52961
54487
47669
48265
44296
40999
39829
39923
42603
34659
31855
32349
30105
31086
31094
31791
32815
35093
43618
38568
34349
39271
37232
39333
44344
41289
46806
52276
66423
58999
100270
306213
