15752320
7301364
4954753
2741835
1840479
1394957
1114217
903899
770402
693905
576117
522219
481981
375742
334002
305384
296206
281580
293319
304747
267178
280393
364783
228697
215808
225921
238721
240989
197116
199919
185439
200846
182599
216404
364938
137332
130669
138212
114948
107804
115815
116967
115691
140283
168100
147312
206676
360925
64377
59992
59663
49950
50838
44930
45124
41012
38280
37019
36909
38908
31997
29325
29943
27953
28690
28874
29581
30344
32333
40220
34936
31129
35305
33396
35373
39797
36731
41736
46639
58459
52182
87969
260841
