18365681
8316297
5760209
3119562
2104782
1587342
1265072
1041262
878610
793433
643640
584343
538995
421125
372839
343008
332681
317657
332160
344443
299370
313950
401701
247253
234895
244413
258221
259023
209612
207401
193179
207051
190043
224744
346204
140155
133905
140860
117124
111666
118058
120456
119887
143392
168877
146328
198900
311677
55751
51531
50482
42924
42853
38261
37742
33601
32214
30522
30068
31446
26228
24017
24513
23007
23220
23940
24467
24800
26110
32553
26726
24283
27397
25608
27220
30280
27864
31818
35168
43100
39304
65048
183153
