16297164
7514250
5121989
2820600
1895727
1435284
1146221
932741
793315
715046
590576
535937
494677
385544
342584
313597
304221
289481
301835
313494
274451
288193
373511
233290
220257
230431
243476
245628
200286
202238
187807
202828
184694
218794
361612
138178
131772
139175
115700
108849
116671
118164
117174
141595
169141
147887
206339
351619
62563
58266
57706
48598
49238
43587
43633
39436
37065
35730
35469
37189
30748
28162
28837
26905
27499
27878
28503
29205
30932
38525
33184
29578
33465
31615
33538
37658
34616
39342
43991
54637
49036
82188
240547
