16825254
7719995
5285054
2897195
1949426
1474388
1176889
960722
815272
735312
604324
548801
506383
394926
350447
321318
311691
296934
309826
321647
281067
295107
381179
237177
224268
234327
247498
249465
202855
203855
189418
204170
186230
220586
357907
138885
132411
139721
116159
109758
117151
118963
117987
142337
169467
147790
204975
341583
60810
56521
55830
47116
47623
42254
42108
37910
35900
34357
34038
35670
29540
27090
27701
25878
26363
26840
27504
28040
29663
36915
31524
28127
31830
30031
31885
35712
32796
37269
41626
51465
46428
77479
224427
