20363183
9076958
6366683
3399964
2299970
1727025
1371957
1141599
955990
863649
690808
625808
575588
451567
398658
368937
357163
342146
358137
370294
319398
334444
422456
256716
245508
254466
268019
267943
214939
209975
195502
207982
192668
227268
329656
140032
134572
139937
117044
112547
117493
120881
119591
142481
164188
140689
187384
273056
48769
45619
44186
37283
37461
32909
32528
28772
27530
26112
25612
26508
22368
20462
20941
19669
19845
20444
20611
20951
21926
27682
21563
20045
22509
20516
22023
24520
22831
26213
28643
34718
32231
52585
144423
