19868763
8890057
6217757
3331656
2252328
1693181
1346240
1117499
937332
846704
679567
616114
567060
444444
392643
362763
351296
336292
351866
364340
314825
329841
417893
254744
243206
252297
265994
266072
213992
209665
195089
207992
192181
226917
333820
140231
134574
140328
117244
112546
117781
120940
119833
142936
165760
142385
190547
282514
50408
47024
45706
38632
38713
34228
33760
29922
28602
27201
26666
27646
23279
21297
21801
20469
20589
21278
21509
21843
22918
28821
22698
21028
23633
21682
23156
25828
23962
27498
30099
36548
33832
55254
152806
