21342651
9444932
6659445
3533769
2392836
1792731
1421259
1188155
991972
896218
712289
644030
591908
465063
409787
380583
368032
353386
369842
381377
327857
343082
430201
260244
249393
258102
271214
271308
216329
210200
195691
208065
193164
227684
321472
139238
134371
138784
116383
112291
116657
120414
118796
140988
160418
137049
180791
255041
45670
42731
41148
34718
35072
30345
30272
26680
25407
24133
23666
24344
20657
18878
19307
18131
18412
18803
19025
19295
20123
25510
19527
18196
20417
18518
20037
22256
20725
23847
26037
31392
29379
47749
129659
