17344010
7921627
5445574
2972467
2002137
1512865
1207057
988055
836937
755208
617810
561234
517712
404040
358146
328774
318967
304129
317622
329574
287531
301794
388529
240843
228064
237987
251396
253045
205338
205221
190866
205333
187716
222237
354057
139439
132988
140297
116618
110557
117573
119631
118765
142927
169603
147568
203269
331616
59131
54862
54018
45731
45976
40954
40618
36420
34702
33022
32662
34174
28377
26046
26565
24874
25250
25852
26469
26931
28441
35375
29879
26762
30271
28494
30260
33797
31038
35291
39319
48419
43873
72990
209199
