13480662
6443212
4343479
2468966
1660206
1262421
1008409
811953
696143
624278
527654
476357
439891
344168
305836
279321
269526
255103
264759
274542
243037
253299
331033
213282
200030
210141
221402
223559
185348
190786
176475
192211
174056
205745
367657
135865
127919
134561
112787
103858
112230
112165
110122
133803
162021
142931
202800
380777
72484
67352
67270
54784
56727
49445
50112
46059
42637
41389
41689
44699
36201
33324
33889
31296
32492
32388
33025
34335
36494
45468
40595
36279
41544
39448
41658
46991
44056
49813
55857
71407
63259
108070
337810
