490429
333997
283012
217816
179526
152863
134067
118572
106191
98463
89754
83950
79179
71685
65991
61933
58484
55553
54713
53584
51967
51859
55043
50970
48354
48526
48568
48958
47614
47844
46564
47608
46427
48811
64148
51232
47287
47055
44087
42015
41146
40670
39779
40958
43798
43190
48613
69137
46977
45380
44029
40792
39679
37911
37437
35766
34876
33968
33728
34027
32437
31166
31346
30350
29978
30063
30345
30976
31711
34266
34864
35169
36996
38103
39952
42988
45720
50999
57381
74264
76069
118822
840187
