18870396
8509761
5914493
3191451
2154760
1623388
1292857
1067269
898678
811633
656000
595288
548839
429208
379755
349830
339108
324036
338858
351414
304829
319609
407463
250054
237895
247269
261086
261656
211373
208278
193986
207527
190958
225597
342199
140309
134215
140798
117296
112074
118082
120672
120069
143377
168108
145260
196286
301803
53956
49958
48859
41447
41427
36894
36333
32328
30964
29383
28861
30145
25234
23057
23562
22145
22295
23023
23462
23758
25041
31213
25287
23152
26093
24214
25769
28682
26503
30289
33343
40746
37332
61484
172106
