17857115
8120714
5604156
3046767
2054143
1550730
1236719
1014960
858183
774765
631061
573276
528780
412902
365748
336103
326033
311101
325216
337230
293748
308197
395589
244359
231733
241471
255140
256314
207707
206572
192206
206461
189035
223724
350213
139909
133606
140842
116996
111186
117975
120161
119511
143353
169544
147200
201397
321778
57478
53194
52234
44324
44359
39646
39177
34942
33526
31693
31294
32762
27259
25013
25514
23906
24185
24878
25447
25852
27248
33890
28236
25446
28770
26993
28669
31931
29323
33418
37076
45509
41371
68680
194848
