9180308
4730520
3303832
2005801
1396434
1073547
865917
701954
604522
541112
465363
419798
386964
310964
277579
253060
240862
227157
231216
237292
214315
220037
277755
195643
181391
188625
195579
198987
170230
175196
163439
175841
160554
184753
325819
140438
127401
130474
111612
101920
107237
106719
104204
122248
146266
132307
181908
345396
89698
81363
78637
64076
65047
57028
56688
52575
49232
47571
47354
50849
41844
38500
39159
36065
37137
36869
37484
38792
40537
49743
46553
41822
47380
45807
48136
53673
51586
57654
64572
83891
74774
126140
430351
