5568763
3076003
2250651
1454733
1055707
829281
680511
561508
486589
435929
380067
344761
318856
264059
237025
216942
204358
192690
193084
195481
179822
182504
219652
168686
157024
160585
164021
166601
148307
151017
142299
151117
140011
155738
259303
135254
120625
120101
105814
96747
98897
98238
95616
107428
124859
116015
152133
275504
97220
88397
84390
71125
69456
62655
60966
57543
53411
51771
51184
54383
46592
43494
43272
40474
40570
40801
41011
42313
43738
51452
50046
46304
51117
50180
52498
57744
57538
63179
70673
91821
84019
138691
533469
