2249458
1363825
1064363
746343
573026
465305
394054
333234
292810
266280
236863
216665
201310
174815
157730
146017
136113
130271
128103
127458
119542
120302
135910
115442
108426
109338
110477
111158
103523
104742
100431
104067
99836
106711
159068
103784
93887
92219
83209
77613
77131
75624
74278
79935
88342
84990
103081
169317
84720
78526
75117
66141
64644
59573
57881
54688
52214
50591
49549
51267
46256
44087
43775
41549
41014
41264
41451
42561
43539
48533
48862
47095
50699
50833
53398
57625
59398
64933
72802
94332
90735
144143
700667
