15165137
7074183
4780279
2660577
1784013
1353755
1081259
874809
746898
672033
561164
507974
468953
365697
325154
296987
287880
273425
284440
295584
259872
272174
355230
224090
211174
221174
233725
236016
193641
197473
182927
198649
180255
213717
367860
136479
129642
137227
114280
106602
114881
115591
114118
138660
166790
146508
206718
369800
66353
61897
61850
51362
52535
46228
46657
42604
39603
38374
38352
40707
33257
30557
31095
29010
29830
29953
30676
31514
33716
41889
36711
32718
37239
35227
37321
42056
38893
44227
49384
62372
55468
94008
282596
