11855685
5826457
3965796
2308983
1568901
1196860
957524
771461
661823
593266
505259
455303
420461
331327
294681
268907
258448
243848
251735
260235
231742
240295
310977
206746
192723
201964
211877
214397
179675
185564
171935
186639
169138
198421
356816
137549
127617
133016
112274
102686
110291
109973
107555
129594
156788
139252
196142
374494
78983
72914
71704
58206
59905
52173
52629
48528
45258
43753
43840
47222
38442
35267
35894
33061
34345
34118
34799
36122
38182
47534
43129
38662
44184
42154
44385
49928
47372
53342
59821
77024
68296
116439
375903
