20854570
9262246
6514092
3467536
2347114
1760394
1397250
1165301
974338
880378
701844
635293
583939
458603
404468
374906
362810
347982
364205
376154
323833
338963
426757
258676
247634
256387
269913
269801
215818
210199
195783
208026
193135
227537
325606
139673
134628
139457
116788
112569
117218
120724
119297
141917
162461
138972
184159
263847
47215
44212
42646
35917
36277
31569
31367
27654
26455
25037
24610
25386
21481
19621
20114
18857
19108
19606
19783
20063
20951
26560
20478
19077
21396
19417
20956
23307
21704
24951
27246
32954
30680
49998
136440
