19371132
8701262
6067115
3262404
2204039
1658812
1320098
1092915
918383
829490
668179
606095
558347
437116
386525
356424
345312
330336
345527
358164
310076
325042
413116
252637
240768
250008
263841
264107
212963
209131
194670
207907
191736
226412
338052
140369
134457
140700
117383
112404
118063
120920
120055
143334
167188
144028
193639
292161
52125
48484
47266
40005
40016
35575
34977
31088
29729
28253
27698
28881
24232
22146
22660
21293
21409
22144
22434
22757
23927
29942
23903
22050
24775
22870
24352
27170
25148
28798
31582
38493
35448
58037
161618
