13401258
3937769
2593536
1531505
974566
709429
528853
414370
333912
280081
234644
203370
397542
244965
201939
182233
240634
211012
167653
150471
279316
174615
145291
134411
123307
115240
105409
99298
93235
88726
83032
77838
74028
71902
67989
62976
60233
57915
54272
51849
50094
47906
45229
45383
42634
40922
40588
38007
38137
37519
35357
34827
33049
32496
30633
29650
29674
28579
27672
26560
26498
25694
25366
24461
24131
23667
23681
22288
22427
21633
21180
20691
20480
20073
19800
18962
18793
19170
18345
17204
17029
17004
16796
16132
16338
15598
15027
14834
14308
14212
13743
13320
12964
12955
12784
12729
12634
12306
11674
11809
11247
11038
11340
10695
10697
11008
10741
10320
10242
9829
9541
10192
9739
9338
9642
9627
9617
9375
9235
8917
9310
8885
8389
8833
8684
8732
8591
8545
8213
8323
7917
8192
8107
8076
7531
7765
7539
7360
7433
7385
7472
7267
7374
7077
7451
7213
6950
7001
7164
7075
6886
6731
6847
7014
7097
7000
6759
6963
6735
6540
6469
6233
6749
6478
6357
6430
6164
6399
6436
6307
6155
6208
5996
6205
5909
6147
5996
5813
5811
5912
5477
5896
5884
5656
5438
5764
5627
5350
5450
5566
5512
5656
5274
5484
5383
5098
5254
5186
5128
5100
4883
4912
4792
4965
4753
4693
4564
4501
4734
4578
4362
4559
4260
4220
4179
4255
4256
4290
4143
4125
4221
4246
4020
4080
3821
3822
3670
3290
2896
2455
1960
1664
1926
2872
