131192
73750
56142
43505
34377
28246
23596
20568
17787
16006
14275
12913
13595
12670
11695
10740
10924
10555
10071
9379
10315
10064
9526
9136
8803
8755
8485
8028
7768
7695
7325
7137
6924
6859
6599
6466
6323
6248
6022
6023
5811
5722
5661
5447
5244
5271
5214
5228
4885
4917
4871
4766
4656
4621
4563
4508
4293
4454
4305
4231
4190
4040
4002
3944
4025
3935
3962
3976
3837
3832
3720
3626
3648
3561
3588
3636
3514
3490
3454
3492
3348
3398
3352
3312
3327
3285
3097
3243
3306
3058
3263
3118
3008
3008
2986
3067
3051
2992
3060
2992
2927
2923
2888
2886
2815
2814
2771
2802
2793
2727
2770
2704
2675
2639
2728
2637
2631
2591
2588
2632
2609
2598
2608
2634
2693
2604
2516
2669
2521
2650
2524
2453
2497
2515
2425
2509
2505
2498
2481
2430
2416
2527
2510
2464
2442
2324
2487
2434
2439
2445
2545
2493
2532
2454
2440
2437
2517
2478
2524
2551
2486
2542
2485
2597
2489
2523
2602
2545
2678
2738
2752
2762
2541
2655
2707
2732
2771
2799
2881
2703
2715
2843
2843
2796
2814
2806
2916
2970
2996
3058
3094
3108
3099
3162
3278
3143
3451
3391
3506
3527
3536
3627
3717
3797
3809
4035
4029
4061
4112
4174
4378
4513
4500
4348
4475
4677
4811
4779
4836
5296
5665
5570
5982
6776
7362
8218
9349
10627
12333
14458
17803
22476
34649
166323
