6731639
2190080
1406117
865435
572700
427220
327242
259107
211849
182211
156973
136937
222337
152900
130996
118624
144213
130323
108702
99380
165344
115240
98990
92081
85229
81293
75143
70962
67596
66249
61470
59452
55306
54039
51971
50149
46306
45077
43267
41325
39666
37814
36143
36087
35539
33578
33199
30303
30881
30184
29450
28847
27680
27169
26723
25318
24391
24479
23029
22027
22432
21523
21194
20752
20517
20647
19990
19491
19131
19058
18218
18448
17615
17829
17695
17342
16634
16528
16408
16186
15562
15735
15386
15145
14834
14434
14546
13767
13923
13518
12922
12893
12471
12364
12187
11865
11945
12245
11439
11365
10986
10972
10995
10577
10436
10498
10289
10189
9934
9826
9602
9866
9657
9189
9656
9574
9101
9544
9453
9451
9154
9191
8591
8799
8798
8833
8565
8712
8397
8445
8471
8176
8478
8080
8320
8306
8111
7879
8309
7857
8149
8098
8060
7605
8053
7746
7891
7617
7812
7725
7571
7607
7810
7773
7744
7743
7732
7644
7896
7602
8067
7655
7710
7605
7508
7729
8122
7810
7718
8004
7704
7833
8059
7577
7712
7754
7369
7488
7656
7781
7733
7920
7499
7831
7863
7860
8045
8055
7882
8080
8090
8098
8256
8228
8372
8409
8345
8542
8195
8570
8389
8323
8217
8447
8447
8527
8569
8646
8655
8937
8484
8631
8963
8999
8986
9189
9197
9373
9726
10192
10162
10563
11469
11219
12241
13108
13302
13312
13641
12673
11860
10402
8615
8605
