11999875
3580555
2346436
1397276
896111
654858
491050
384953
310940
262346
220948
191759
362102
227243
188947
170596
221776
195656
156844
141221
257224
164024
137069
126692
116861
109293
100482
94549
89231
85155
79832
75065
70880
68962
65639
60889
58040
55952
52729
50404
48509
46545
43794
44242
41755
39745
39766
36972
37207
36625
34796
33997
32355
31700
30439
29027
29066
28055
26958
25895
26118
25164
24900
24138
23832
22948
23360
22133
22022
21328
20838
20555
20183
19798
19751
18939
18695
18899
18310
17181
17070
16991
16738
16143
16263
15724
15164
14817
14270
14216
13874
13570
12895
12917
12771
12701
12735
12454
11739
11917
11329
11186
11277
10855
10848
10962
10923
10310
10327
9937
9814
10176
9932
9434
9893
9661
9697
9531
9482
9044
9339
8969
8504
8936
8780
8938
8740
8678
8338
8524
7987
8382
8410
8206
7834
7996
7854
7563
7706
7566
7763
7592
7563
7311
7595
7469
7317
7208
7360
7357
7180
7036
7025
7176
7427
7281
6974
7098
7070
6876
6886
6638
6914
6847
6712
6943
6705
6685
6744
6744
6614
6609
6579
6522
6434
6351
6419
6242
6241
6323
6076
6399
6337
6204
5977
6205
6111
5932
5978
6036
6088
6249
5789
6155
6056
5810
5737
5833
5747
5664
5538
5680
5367
5575
5532
5348
5349
5278
5349
5332
5087
5336
5111
4969
5067
4987
4997
5130
5020
5037
5097
5307
5122
5171
4893
4959
4877
4410
3981
3413
2776
2261
2326
3311
