11312017
3403127
2224179
1329751
856401
627297
471758
369686
299182
253127
213987
185744
344368
218396
182243
164539
212450
187842
151338
136355
246105
158601
132760
122670
113449
106300
97755
92122
87132
83221
78085
73617
69147
67438
64364
59811
56880
54960
51752
49578
47715
45779
43070
43500
41306
39003
39225
36376
36680
36128
34414
33606
31986
31247
30280
28673
28716
27778
26570
25596
25896
24833
24633
23846
23699
22595
23110
22014
21741
21170
20713
20323
20023
19646
19686
18897
18636
18782
18216
17137
17088
16928
16612
16073
16279
15767
15278
14786
14281
14195
13954
13639
12806
12872
12776
12720
12761
12518
11742
11956
11265
11238
11235
10920
10920
11030
10949
10320
10305
10004
9924
10151
10112
9457
10046
9682
9706
9568
9618
9103
9390
8943
8582
9006
8836
9002
8786
8716
8470
8612
8037
8479
8550
8255
7982
8079
7947
7668
7865
7716
7879
7802
7612
7373
7690
7561
7499
7274
7475
7467
7300
7265
7135
7270
7570
7367
7091
7155
7203
7077
7075
6844
6992
7024
6893
7173
7004
6835
6853
6931
6849
6823
6843
6720
6731
6491
6531
6453
6459
6577
6379
6616
6559
6463
6294
6454
6355
6194
6290
6312
6400
6535
6009
6525
6358
6162
6024
6106
6115
6008
5875
6089
5644
5858
5923
5733
5738
5684
5694
5770
5411
5731
5534
5422
5531
5440
5376
5555
5463
5530
5513
5858
5725
5740
5541
5562
5495
5075
4584
3946
3248
2617
2571
3564
