9991501
3056412
1987364
1196575
776838
571384
432187
339123
275018
233824
199216
172903
309702
200478
168404
152123
193610
171562
139981
126416
223627
147198
123925
114448
106051
100039
91995
86665
82558
79061
73880
70175
65737
64169
61406
57572
54234
52681
49599
47560
45811
43809
41498
41725
40077
37574
37783
35011
35425
34781
33344
32781
31083
30392
29501
27991
27639
27133
25804
24804
24934
24166
23848
23317
22894
22242
22385
21524
21150
20736
20289
19899
19396
19372
19369
18590
18216
18462
17922
17069
16852
16664
16423
16053
16003
15731
15229
14651
14323
14051
14018
13632
12771
12819
12632
12611
12627
12596
11712
11887
11250
11326
11169
10910
10877
10996
10803
10320
10399
10059
9866
10153
10096
9577
9950
9711
9779
9713
9681
9309
9495
8949
8656
9142
8808
9061
8777
8741
8601
8614
8266
8473
8681
8394
8272
8190
7946
7906
8156
7808
8110
8069
7779
7583
7811
7614
7688
7464
7748
7504
7517
7517
7474
7491
7597
7558
7429
7260
7447
7364
7487
7110
7144
7273
7129
7524
7456
6991
7114
7306
7185
7235
7273
7084
7082
6945
6804
6948
6898
7055
6757
6981
6833
6976
6715
6970
6912
6836
6746
6871
6983
7050
6668
7000
6903
6917
6636
6793
6824
6735
6634
6752
6334
6485
6663
6564
6505
6546
6570
6602
6370
6460
6501
6383
6446
6466
6317
6542
6635
6713
6587
6921
7231
7063
7172
7118
7106
6788
6387
5535
4688
3773
3393
4273
