3368753
1278520
839746
546750
376837
287535
223643
180198
149530
128956
112167
98383
137387
105860
91713
83280
94687
88419
76378
71018
103557
80922
71143
66642
62842
59440
55733
52764
50590
49293
46601
44681
42427
41260
40026
38550
36201
35469
34078
32655
31169
30331
28633
28755
28351
27092
26840
25147
24947
23937
23796
22907
22946
21742
21764
21071
20064
20390
19285
18652
18726
18030
17343
17159
17006
17278
16845
16288
16050
15820
15280
15679
14859
14876
14636
14469
14215
13891
13855
13807
13523
13328
13282
12957
12637
12296
12404
12281
11850
11626
11499
11048
11215
10862
10632
10473
10700
10857
10177
10210
9804
9560
9770
9561
9424
9257
9183
9034
8942
8775
8705
8734
8605
8435
8397
8436
8140
8469
8295
8494
8095
8267
7937
8068
7927
7843
7763
7776
7505
7681
7751
7507
7572
7370
7523
7611
7486
7366
7572
7362
7026
7401
7364
7007
7230
7084
7357
6924
7014
7090
7063
7006
7112
7177
7065
7068
7212
7113
7250
7008
7514
7283
7160
7182
7141
7256
7214
7374
7425
7599
7389
7574
7594
7460
7492
7637
7164
7426
7214
7313
7559
7435
7554
7320
7655
7596
8004
7946
7926
7923
7868
8084
8274
8179
8447
8532
8586
8841
8370
8918
8840
8913
8461
9009
9010
9175
9148
9189
9344
9503
9475
9448
9959
9814
10169
10166
10448
10653
11004
11600
11768
12452
13581
13831
15201
16591
17962
18905
20303
20899
21938
22209
22778
31892
