4787727
1683087
1087973
687688
463843
350034
269655
216045
177411
153162
132714
116244
173610
127106
109297
99346
116378
107269
91464
83536
130968
96806
84043
78409
73082
69638
64697
61428
58714
57349
53680
51754
48612
47160
45999
44249
41263
40191
38565
36874
35308
33915
32285
32305
31939
30354
30086
27896
27704
26998
26449
25901
25622
24496
24246
23395
22208
22462
21101
20445
20635
19811
19318
18796
18748
19099
18476
17821
17806
17465
16714
17104
16163
16395
16084
15991
15616
15316
15037
15116
14713
14494
14338
13980
13857
13299
13694
13208
12849
12550
12297
11983
11988
11753
11438
11172
11396
11705
10902
10918
10564
10234
10502
10245
10028
9820
9809
9658
9465
9401
9204
9339
9199
8886
9084
9076
8688
8947
8941
9095
8662
8886
8427
8579
8470
8193
8256
8295
8110
8156
8250
7925
8113
7708
7958
8071
7908
7741
7956
7729
7616
7911
7930
7393
7676
7560
7723
7409
7452
7510
7444
7307
7605
7711
7464
7548
7505
7581
7591
7437
8057
7629
7489
7602
7458
7601
7729
7731
7715
8021
7647
7915
8065
7597
7832
7809
7444
7572
7484
7682
7855
7803
7735
7711
7992
7885
8217
8319
8096
8283
8251
8332
8534
8329
8748
8701
8835
8995
8432
9076
8949
8991
8520
9130
9056
9115
9217
9138
9439
9483
9406
9415
9828
9763
10014
10057
10306
10509
10826
11495
11453
12014
13262
13315
14519
15805
16738
17001
18082
17723
17518
16582
15204
16932
