14862085
4302622
2846963
1666532
1053020
762423
565570
442414
355874
296924
247746
213958
433661
261755
214414
193686
259830
226182
177580
159277
301309
184597
152901
141386
129590
120398
109928
103359
96518
92114
85706
80424
76695
74068
70026
64746
62012
59280
55489
53104
51395
49010
46399
46123
43520
41826
41290
38965
38904
38020
35817
35337
33409
32807
31074
30234
30284
29008
28091
26777
26866
26286
25646
24693
24306
24041
23835
22390
22700
21870
21410
20725
20684
20261
19777
19067
18755
18994
18228
17272
16987
16988
16635
16154
16150
15343
14870
14615
14335
14004
13591
13110
13021
12938
12660
12482
12525
12087
11649
11646
11067
10945
11149
10458
10555
10873
10558
10042
10274
9558
9347
10077
9549
9162
9498
9443
9400
9144
8940
8787
9132
8616
8283
8607
8717
8425
8359
8436
8050
7977
7837
7859
7756
7778
7173
7404
7236
7095
7178
7048
7091
7083
7082
6840
7183
6932
6732
6731
6838
6853
6661
6468
6569
6850
6719
6715
6436
6563
6223
6148
5940
5978
6284
6001
5966
6090
5669
6042
6037
5775
5679
5771
5577
5817
5576
5677
5538
5439
5324
5456
4991
5333
5378
5119
4991
5261
5066
4896
4898
5010
4966
5107
4724
4857
4707
4511
4746
4600
4578
4461
4282
4331
4270
4265
4099
4160
3841
3968
4064
3917
3764
3822
3624
3555
3460
3623
3574
3544
3465
3300
3427
3425
3226
3321
3023
2985
2789
2484
2227
1854
1466
1311
1675
2546
