8713902
2715839
1756466
1065064
696865
514812
391745
308134
250399
213873
183431
159337
275390
181956
154066
139364
174431
155434
128068
116231
200984
135192
114602
105895
98099
93201
85799
80718
77085
74598
69478
66328
61850
60465
58178
55022
51390
50031
47431
45368
43613
41502
39701
39602
38632
36161
36102
33186
33795
33169
32063
31538
29931
29418
28528
27094
26531
26212
24835
23752
23944
23328
22892
22604
22153
21806
21479
20800
20471
20142
19605
19568
18724
18890
18822
18319
17526
17907
17449
16912
16425
16420
16088
15809
15647
15374
15093
14462
14391
14020
13637
13487
12777
12711
12504
12407
12429
12633
11705
11697
11140
11346
11126
10765
10845
10935
10545
10290
10299
10135
9817
10043
10043
9565
9845
9729
9601
9738
9661
9381
9378
9099
8639
9103
8926
9073
8770
8746
8609
8568
8406
8393
8678
8460
8366
8389
7917
7920
8295
7881
8355
8108
7981
7762
7931
7670
7869
7542
7952
7653
7556
7665
7726
7685
7674
7709
7631
7422
7674
7411
7826
7363
7388
7552
7331
7722
7830
7247
7413
7627
7469
7555
7600
7346
7377
7363
7080
7270
7271
7434
7195
7327
7117
7396
7217
7399
7469
7406
7247
7360
7473
7487
7437
7513
7475
7590
7303
7561
7409
7418
7351
7439
7128
7156
7437
7401
7289
7415
7380
7527
7318
7289
7440
7432
7443
7587
7425
7615
7867
7962
7941
8167
8874
8556
8884
9214
9129
8987
8730
7642
6774
5555
4680
5329
