15604083
4485924
2974374
1733659
1091979
788225
583499
456017
366585
305148
253945
219045
451750
269848
220586
199278
269321
233586
182320
163561
312307
189398
156590
144879
132543
122797
112084
105338
98046
93589
86994
81671
77950
75025
70958
65486
62828
59787
56171
53722
51947
49503
46989
46418
44013
42133
41677
39293
39274
38142
36044
35567
33576
32885
31272
30514
30543
29232
28255
26795
26980
26451
25764
24829
24398
24167
23857
22520
22755
21999
21465
20751
20780
20264
19708
19129
18734
18879
18175
17312
16880
16945
16561
16196
15980
15258
14744
14506
14304
13969
13449
13023
12996
12847
12709
12332
12456
12056
11582
11542
10936
10900
11026
10325
10483
10736
10433
9968
10333
9384
9346
9871
9463
9116
9379
9369
9294
8996
8805
8715
9034
8447
8150
8549
8674
8285
8280
8428
7912
7792
7778
7679
7585
7644
6959
7261
7148
6915
7025
6854
6942
6978
6949
6744
6977
6783
6644
6633
6645
6772
6495
6310
6485
6744
6512
6541
6240
6351
5990
5947
5692
5840
6051
5775
5773
5857
5507
5850
5814
5543
5444
5566
5418
5588
5353
5449
5330
5237
5117
5224
4753
5050
5128
4913
4766
4973
4813
4684
4631
4702
4691
4861
4456
4561
4387
4240
4491
4359
4309
4125
3993
4048
4051
3915
3769
3902
3500
3708
3760
3614
3478
3486
3340
3203
3134
3332
3270
3169
3126
2948
3047
3075
2852
2983
2638
2602
2377
2161
1925
1595
1248
1166
1567
2402
