1823857
774285
523808
356866
254947
198055
156404
127450
107899
92525
81245
71927
91199
74927
65727
60023
65380
62160
55195
51678
68446
57653
51898
48585
46462
43907
42072
39583
37924
36948
34889
33914
32171
31463
30533
29629
27886
27781
26398
25425
24504
23692
22701
22665
22310
21309
20978
20360
19656
19165
19009
18516
18305
17204
17325
16955
16321
16432
15633
15298
15153
14652
14360
14141
13785
14086
13748
13454
13173
13033
12419
12597
12484
12169
11979
11927
11740
11691
11413
11482
11064
10934
11029
10664
10423
10402
10316
10270
10150
9863
9837
9524
9274
9292
9178
8830
9274
9143
8798
8636
8428
8295
8431
8158
7894
8038
7874
7816
7704
7557
7465
7442
7629
7366
7271
7298
6967
7237
7130
7266
7052
7179
6949
6974
6891
6911
6647
6709
6602
6621
6613
6655
6708
6559
6532
6575
6395
6553
6622
6409
6102
6450
6429
6288
6235
6207
6298
6096
6233
6091
6281
6056
6133
6185
6353
6155
6309
6194
6283
6107
6441
6270
6252
6366
6167
6477
6385
6501
6457
6657
6536
6670
6682
6750
6554
6778
6407
6725
6448
6572
6665
6787
6748
6449
6799
6748
7148
7090
7108
7187
6997
7306
7306
7405
7632
7705
7661
7800
8002
8000
8104
8131
7926
8208
8432
8584
8504
8582
8717
8876
8823
8978
9237
9104
9390
9696
9885
10044
10483
11063
11322
11845
12863
13595
14675
16245
17837
19127
21216
22970
25360
27858
33037
64891
