10647418
3229357
2105407
1262985
816732
599470
452128
354447
287251
243554
206735
179381
327010
209508
175417
158371
203025
179758
145725
131440
234867
152926
128374
118628
109800
103201
94932
89449
84916
81171
76001
71900
67446
65950
62894
58722
55523
53836
50740
48573
46813
44843
42253
42753
40669
38295
38531
35778
36034
35472
33893
33249
31577
30837
29891
28353
28169
27496
26176
25193
25458
24506
24260
23606
23322
22453
22758
21781
21468
20946
20470
20109
19735
19505
19577
18714
18460
18633
18123
17075
16947
16830
16509
16076
16158
15774
15227
14713
14291
14147
13997
13666
12781
12840
12685
12710
12685
12543
11749
11927
11264
11290
11201
10955
10895
10964
10920
10356
10338
10007
9908
10147
10132
9515
10018
9697
9766
9640
9678
9174
9470
8911
8642
9053
8815
9043
8803
8731
8524
8645
8120
8484
8615
8336
8162
8126
7954
7787
8032
7756
8018
7947
7691
7452
7745
7591
7583
7395
7611
7489
7403
7418
7287
7385
7583
7461
7248
7203
7335
7205
7290
6983
7051
7160
7024
7352
7247
6898
7002
7099
7025
7058
7055
6886
6923
6707
6657
6691
6692
6842
6578
6797
6670
6720
6503
6737
6636
6492
6524
6608
6698
6797
6290
6784
6605
6563
6334
6445
6445
6389
6265
6396
5953
6189
6289
6150
6135
6063
6156
6173
5883
6105
5993
5912
5992
5935
5837
6051
6010
6107
6035
6417
6425
6405
6326
6321
6276
5913
5429
4721
3944
3162
2953
3896
