16365920
4671889
3104355
1801284
1130734
813441
601073
469525
376654
313081
260003
224036
470049
277845
226525
204637
278951
240967
186940
167627
323241
194021
160219
148132
135161
125032
114082
106998
99399
94783
88110
82811
78927
75942
71714
65995
63513
60319
56858
54154
52479
50007
47291
46619
44331
42497
41885
39578
39502
38282
36270
35817
33591
33036
31561
30723
30803
29312
28351
26714
27160
26522
25807
24825
24491
24192
23851
22527
22883
21950
21555
20726
20797
20267
19613
19074
18709
18780
18077
17278
16877
16864
16507
16083
15834
15160
14635
14393
14212
13827
13300
12979
12884
12768
12678
12207
12353
11891
11522
11477
10769
10751
10917
10184
10416
10622
10305
9919
10251
9226
9300
9709
9347
9021
9225
9304
9095
8879
8613
8642
8889
8330
8025
8460
8529
8174
8105
8339
7802
7601
7650
7467
7386
7414
6810
7123
7048
6806
6830
6702
6861
6782
6848
6610
6731
6631
6499
6502
6475
6584
6299
6180
6437
6561
6324
6264
6025
6148
5799
5704
5560
5613
5847
5575
5553
5654
5345
5632
5561
5353
5251
5354
5202
5359
5151
5173
5075
5005
4888
4964
4597
4812
4826
4610
4558
4756
4557
4453
4385
4450
4431
4575
4183
4322
4157
3959
4244
4100
4049
3859
3712
3768
3803
3659
3450
3622
3238
3437
3526
3319
3190
3197
3078
2889
2920
3028
3030
2889
2872
2650
2735
2777
2561
2706
2333
2298
2084
1914
1687
1416
1089
1078
1486
2285
