9343229
2884474
1870335
1130193
736643
543047
411949
323709
262712
223985
191450
166183
292440
191289
161251
145798
184062
163411
134117
121397
212278
141295
119336
110190
102113
96741
88992
83820
80011
76838
71739
68338
63920
62367
59948
56334
52857
51398
48573
46472
44744
42705
40704
40666
39424
36837
36973
34174
34704
34071
32740
32131
30608
29938
29090
27558
27197
26668
25381
24310
24441
23790
23413
23047
22504
22080
21955
21197
20809
20454
20020
19744
19040
19167
19122
18562
17881
18244
17660
17015
16720
16525
16283
15952
15866
15635
15164
14621
14371
14016
13921
13585
12796
12778
12580
12533
12516
12625
11704
11802
11186
11406
11139
10892
10848
10950
10661
10343
10356
10110
9847
10129
10079
9622
9864
9742
9726
9732
9722
9408
9449
9041
8667
9114
8891
9092
8784
8779
8669
8540
8357
8455
8696
8437
8365
8309
7904
7935
8237
7893
8274
8143
7918
7688
7868
7641
7763
7496
7882
7564
7574
7649
7616
7620
7609
7654
7578
7337
7528
7442
7704
7268
7258
7446
7218
7645
7662
7133
7259
7467
7364
7401
7434
7242
7240
7148
6995
7194
7115
7273
6939
7136
7053
7176
6967
7204
7231
7166
6997
7079
7260
7293
7095
7212
7220
7248
6946
7204
7121
7122
6990
7129
6712
6770
7082
6984
6916
6966
6972
7069
6910
6820
6994
6937
6865
7029
6848
7084
7250
7299
7206
7463
8033
7795
7946
8046
8006
7729
7378
6405
5547
4465
3882
4700
