649621
317226
226365
163623
122522
97266
79410
66120
57003
49479
43627
39105
44688
39210
35358
32519
33999
32726
29791
28406
33798
30481
28557
26658
25744
24646
23439
22597
21801
21240
20325
19774
18971
18470
17892
17611
16752
16417
15971
15290
14922
14529
13936
13597
13675
13144
13068
12797
12479
11970
12033
11784
11445
11294
11102
10857
10481
10564
10088
9811
9913
9654
9225
9191
9128
9176
8953
8795
8612
8600
8451
8355
8188
8073
8054
8094
7769
7772
7587
7798
7445
7371
7467
7219
7112
7079
6811
6978
6921
6820
6723
6600
6498
6357
6394
6233
6440
6313
6252
6068
6162
5908
6061
5843
5809
5861
5699
5578
5464
5466
5384
5416
5420
5310
5316
5277
5124
5085
4911
5171
5197
5228
5000
5069
5089
5060
4929
4812
4783
4646
4880
4943
4869
4776
4773
4916
4736
4725
4806
4675
4589
4789
4567
4675
4695
4577
4638
4528
4730
4528
4697
4627
4496
4647
4558
4598
4448
4577
4681
4683
4725
4672
4624
4708
4578
4796
4674
4679
4700
4940
4952
4880
4876
4956
4985
4952
4803
5090
4926
4897
5041
5088
5076
4973
5231
5154
5264
5293
5355
5381
5406
5455
5631
5681
5842
5840
5872
6126
6155
6314
6346
6422
6388
6386
6596
6848
6720
6818
6981
7192
7158
7181
7476
7208
7519
7810
7984
8092
8304
8932
9286
9513
10214
11225
12173
13432
15199
16640
18967
21298
25003
29237
39890
119092
