14127765
4119907
2720009
1599152
1013905
736165
547332
428566
344982
288577
241270
208733
415596
253507
208155
187973
250262
218651
172658
154901
290367
179741
149155
137878
126483
117867
107680
101381
94892
90483
84448
79117
75395
73051
69025
63927
61143
58662
54845
52522
50785
48460
45781
45779
43065
41383
40937
38514
38522
37804
35594
35091
33288
32646
30853
29916
30024
28818
27866
26707
26655
26027
25557
24590
24215
23868
23760
22345
22537
21758
21314
20723
20597
20167
19782
19066
18789
19096
18280
17186
17068
16985
16736
16130
16302
15423
14936
14742
14336
14126
13693
13207
13014
12970
12704
12617
12596
12206
11635
11736
11159
11007
11280
10557
10656
10938
10636
10169
10241
9715
9437
10128
9655
9259
9578
9557
9486
9261
9107
8851
9227
8752
8362
8707
8685
8579
8463
8455
8135
8165
7885
8026
7936
7934
7358
7581
7374
7208
7324
7249
7258
7171
7193
6977
7332
7072
6837
6845
7027
6954
6777
6643
6677
6944
6893
6849
6621
6772
6482
6355
6203
6104
6538
6253
6164
6258
5910
6218
6254
6015
5918
6000
5800
5987
5751
5923
5753
5635
5565
5685
5230
5603
5623
5371
5237
5479
5329
5101
5173
5314
5245
5363
4992
5191
5034
4783
5004
4873
4860
4770
4599
4594
4538
4610
4424
4429
4193
4228
4395
4258
4036
4189
3923
3891
3810
3923
3915
3908
3801
3716
3813
3807
3622
3689
3409
3393
3211
2889
2528
2142
1703
1478
1786
2705
