634
573
490
477
412
408
355
329
303
286
261
225
233
252
207
244
213
208
178
225
185
204
180
197
177
187
195
176
205
157
165
187
178
139
161
153
156
158
157
138
149
139
155
117
129
143
144
139
112
119
112
141
159
127
130
124
127
125
103
120
123
120
120
127
103
103
123
117
107
113
110
116
81
99
98
96
107
102
97
89
113
83
82
102
116
119
108
107
116
97
107
93
104
105
92
94
103
86
83
87
85
94
92
106
89
103
99
84
94
99
92
100
110
86
89
94
73
89
85
92
102
89
107
98
103
98
89
80
103
95
86
109
101
105
105
88
95
104
99
96
85
96
96
109
108
117
102
128
91
92
116
93
120
111
90
109
115
115
124
96
93
100
116
113
111
127
122
112
113
96
120
125
107
100
103
138
130
104
131
141
122
144
122
132
141
135
146
141
140
150
153
178
155
138
137
139
168
170
170
191
184
177
193
195
223
204
203
223
229
236
243
243
270
286
242
261
277
277
308
329
356
322
330
448
495
533
601
705
821
1109
1467
2015
3822
84556
