9
12
11
10
7
9
11
12
17
16
10
12
14
13
12
12
4
12
11
3
9
18
12
10
7
10
4
16
12
10
8
11
8
13
4
9
12
15
16
9
10
12
13
8
13
9
10
13
15
12
22
10
12
10
8
15
11
11
8
13
14
6
13
13
14
14
18
16
9
11
11
12
17
9
12
8
15
8
14
7
13
7
8
9
7
18
10
14
8
11
10
13
10
14
10
10
14
13
12
7
11
14
12
9
13
9
11
10
11
12
10
11
12
8
12
10
7
12
8
13
9
11
10
7
12
14
14
9
16
14
14
13
10
14
12
13
9
21
12
9
9
12
10
10
13
5
12
15
11
12
8
12
10
14
21
12
13
13
11
11
14
14
16
15
15
16
13
21
14
15
12
12
11
10
9
16
15
11
13
9
21
15
22
12
8
7
15
12
13
9
16
17
15
13
15
18
18
12
18
17
21
9
20
27
16
17
17
20
11
24
26
26
26
21
21
29
19
27
35
25
40
42
21
30
34
36
52
61
69
58
120
149
306
29056
