7430281
2373196
1526174
933595
615590
457316
349763
275916
225152
193192
166461
144903
240662
162702
139263
125953
154673
138978
115523
105349
177851
122255
104512
97083
89869
85583
78935
74410
70952
69457
64300
62066
57679
56434
54293
52057
48144
46887
44878
42918
41257
39092
37481
37456
36780
34579
34106
31280
32009
31227
30467
30000
28379
28129
27384
26031
25138
25205
23671
22626
22859
22181
21821
21510
21116
21176
20627
19873
19637
19499
18776
18899
18092
18262
18086
17860
16877
17075
16855
16515
15779
16136
15684
15447
15148
14806
14743
14045
14218
13798
13078
13158
12718
12554
12280
12104
12142
12432
11626
11490
11055
11127
11027
10665
10586
10779
10411
10223
10059
9981
9645
10050
9833
9359
9790
9660
9309
9682
9594
9508
9344
9129
8588
8916
8876
8909
8683
8756
8510
8568
8475
8283
8579
8287
8351
8425
8037
7849
8419
7843
8299
8129
8010
7761
8114
7769
7903
7637
7911
7727
7594
7705
7858
7698
7783
7804
7690
7632
7904
7537
8022
7607
7612
7603
7527
7758
8117
7712
7664
7934
7612
7799
7909
7507
7638
7708
7282
7494
7545
7785
7621
7749
7347
7733
7728
7681
7934
7864
7735
7881
7931
7914
7987
8087
8059
8210
8062
8228
7964
8146
8083
7982
7960
8064
8078
8204
8156
8262
8257
8488
8095
8191
8477
8469
8505
8701
8547
8803
9118
9400
9499
9758
10566
10190
11020
11675
11670
11672
11646
10576
9623
8180
6716
6955
