8082370
2546448
1642314
999937
656703
486456
370967
292299
237922
203719
175152
152229
258177
172415
146789
132709
164666
147306
121963
110924
189551
128840
109648
101584
94079
89458
82499
77570
74078
72168
66980
64248
59763
58552
56317
53561
49805
48535
46258
44216
42466
40353
38592
38515
37833
35427
35128
32222
32916
32187
31291
30847
29183
28803
27968
26622
25820
25735
24266
23220
23449
22749
22353
22113
21650
21560
21022
20327
20068
19821
19237
19287
18426
18594
18471
18089
17190
17507
17154
16765
16151
16320
15868
15667
15373
15092
14972
14258
14362
13922
13336
13341
12747
12615
12395
12324
12273
12571
11651
11608
11081
11264
11096
10723
10761
10850
10543
10255
10192
10063
9755
10057
9958
9465
9821
9722
9469
9706
9608
9452
9341
9127
8604
9014
8915
9023
8754
8758
8573
8572
8430
8371
8601
8400
8353
8470
7984
7869
8338
7842
8366
8071
8011
7801
7994
7743
7901
7597
7917
7711
7549
7708
7806
7706
7707
7785
7680
7534
7780
7454
7922
7489
7481
7611
7444
7745
8008
7484
7534
7724
7557
7706
7744
7446
7529
7540
7159
7410
7415
7620
7386
7541
7219
7559
7467
7567
7726
7646
7519
7578
7699
7719
7677
7824
7779
7903
7671
7941
7669
7770
7721
7734
7564
7577
7743
7832
7709
7821
7827
7999
7697
7757
7950
7934
7978
8124
8000
8190
8479
8634
8756
8928
9716
9323
9923
10467
10338
10296
10154
9000
8145
6762
5610
6057
