12696418
3758750
2469761
1464523
935321
682363
509959
399927
322506
271397
227738
197695
379792
236168
195537
176468
231178
203418
162277
145891
268270
169406
141182
130632
120185
112241
102959
96960
91342
86966
81476
76466
72531
70437
66846
62010
59150
56968
53520
51210
49286
47192
44595
44825
42201
40349
40271
37428
37754
37112
35065
34400
32727
32144
30555
29331
29350
28347
27304
26248
26296
25435
25155
24314
23986
23302
23542
22202
22240
21530
20982
20662
20376
19922
19808
18889
18760
18999
18365
17219
17080
16993
16813
16148
16286
15656
15095
14832
14280
14235
13811
13429
12961
12914
12739
12741
12685
12413
11719
11865
11310
11104
11318
10777
10756
10971
10848
10312
10319
9875
9686
10206
9799
9390
9766
9644
9651
9477
9322
8996
9303
8947
8410
8914
8711
8844
8683
8611
8268
8400
7962
8283
8264
8178
7670
7893
7701
7468
7570
7469
7621
7446
7465
7213
7514
7353
7143
7092
7254
7219
7039
6899
6917
7106
7251
7133
6869
7015
6911
6719
6658
6455
6828
6680
6534
6708
6401
6539
6605
6557
6364
6407
6269
6368
6170
6233
6227
6034
6027
6123
5761
6146
6130
5907
5711
5965
5896
5636
5692
5805
5805
5968
5530
5789
5728
5463
5495
5509
5432
5388
5203
5280
5099
5261
5160
5000
4948
4876
5023
4948
4699
4972
4684
4568
4622
4596
4643
4680
4582
4575
4646
4773
4562
4611
4330
4392
4249
3830
3420
2916
2349
1945
2110
3083
