14024
9404
7608
6303
5175
4521
3784
3479
3035
2719
2540
2257
2269
2174
2081
1932
1829
1859
1780
1745
1791
1724
1693
1704
1586
1628
1596
1505
1465
1476
1358
1399
1414
1367
1284
1304
1290
1286
1210
1126
1205
1167
1127
1069
1120
1054
1038
1105
1037
1012
1068
980
1021
953
1035
953
963
871
906
914
941
918
936
903
820
855
961
883
888
874
881
825
836
823
801
829
835
824
773
825
815
762
799
837
793
771
764
825
797
799
766
740
785
779
816
755
803
733
730
708
780
774
786
798
743
747
760
732
746
763
741
715
723
715
736
714
717
706
689
747
757
689
725
701
707
724
723
705
748
730
678
707
756
715
732
728
756
720
699
690
706
725
744
700
725
754
738
766
730
715
777
761
779
737
747
764
715
817
759
772
772
766
771
788
810
793
801
837
863
817
864
874
847
851
843
907
802
879
899
842
874
900
854
919
965
955
998
1011
991
1001
1021
1034
970
1035
1091
1126
1113
1136
1179
1284
1259
1270
1257
1295
1300
1389
1363
1431
1531
1539
1644
1682
1734
1547
1618
1707
1747
1746
1865
1942
2132
1994
2220
2436
2828
3157
3568
4026
4840
5954
7466
9912
17295
153153
