5889854
1972740
1267765
787863
524511
393481
301947
240255
196740
169476
146292
127945
200987
141648
121610
110236
132208
120412
101119
92422
150553
107129
92615
86134
80016
76202
70702
66915
63767
62460
58151
56164
52485
51058
49471
47841
44140
43113
41336
39491
37763
36307
34569
34375
34001
32292
31943
29353
29413
28862
28269
27603
26852
26049
25708
24624
23400
23596
22196
21398
21687
20865
20391
19930
19750
20051
19340
18825
18548
18405
17559
17889
17080
17223
17041
16772
16276
16090
15746
15787
15258
15221
14979
14655
14500
13892
14326
13609
13479
13130
12694
12539
12300
12101
11932
11575
11735
12025
11243
11195
10797
10679
10893
10412
10381
10109
10184
9993
9746
9689
9466
9710
9475
9039
9394
9391
8962
9275
9299
9286
8968
9056
8564
8740
8646
8559
8466
8565
8326
8328
8412
8100
8316
7918
8217
8203
8105
7886
8127
7820
7933
8074
8072
7477
7941
7641
7866
7553
7677
7650
7608
7502
7742
7770
7657
7645
7678
7653
7849
7579
8097
7677
7660
7630
7434
7702
7961
7903
7788
8016
7726
7904
8123
7626
7851
7773
7419
7546
7604
7777
7812
7959
7694
7762
8040
7932
8138
8235
8053
8235
8265
8226
8489
8330
8548
8641
8661
8826
8338
8921
8733
8671
8415
8850
8768
8876
8851
8957
9110
9286
8938
9065
9388
9465
9501
9635
9820
9961
10277
10910
10791
11418
12384
12289
13496
14463
15078
15105
15761
15015
14432
13087
11223
11292
