539993
205289
152789
112629
80904
58417
64328
56796
37590
39999
39292
34288
25811
23222
22981
18703
27482
30873
33469
23667
22956
19748
25488
17622
18521
12797
12724
11433
10520
17951
12648
10618
9032
8708
9637
8230
8521
9090
7999
7990
9362
8819
7334
7446
6762
5784
6947
7986
6292
5146
4790
4888
5912
39515
20265
13792
12950
9305
8823
11925
9034
7260
8581
7548
8029
6657
6264
5489
6612
5865
6233
7264
8829
6617
6446
6988
8398
6607
6389
8122
5945
6268
7209
5542
5051
5183
5691
6919
4769
4906
5247
5403
5697
5756
5658
6018
5649
5551
5749
5135
5330
5547
5536
5751
5201
5095
5096
5363
5866
6023
5852
5817
5256
5932
5485
5272
5684
5858
5462
5524
6220
5488
5006
4871
4880
4601
4621
4699
4354
5424
4425
4702
4567
4377
3909
4344
4170
4017
4035
3590
3860
4233
3858
3896
3648
3599
3666
3669
3711
3645
3995
3722
3855
3983
3947
3965
3970
4114
3913
3932
3879
3901
4177
3473
3828
3872
3747
3749
4264
4661
4607
4435
4591
4864
5519
5802
6132
7467
9569
12321
2690
2410
2688
2376
2802
2756
2766
2786
2886
3257
3152
3412
3242
3649
2896
3047
2797
2827
2763
3139
3161
3023
3420
3595
3643
3810
4090
4256
4535
5186
5176
5675
5764
6236
6633
6815
7674
6571
7645
7064
7362
7963
8871
10235
11407
13081
14498
16528
18551
24433
29116
41705
85661
407627
