1357539
485535
365010
259185
176609
123283
134300
122220
75805
83033
83497
69256
49972
45051
46801
35984
60205
68890
72321
45032
47488
38218
52679
32092
37257
21908
22703
19201
18560
36471
21514
17942
14741
15550
15993
14262
15929
16673
13843
13994
16948
15846
12061
12763
12013
9523
12433
15944
10687
8298
7548
8236
11172
100221
40606
25808
22540
15365
14189
20779
16289
12376
15736
13252
13815
10978
10156
9179
11612
10351
10504
12980
17091
11444
10949
12394
16852
10949
10365
14584
9385
10906
12198
8554
7785
8217
9697
11999
7393
7994
8728
9007
9846
9342
9534
10048
9735
9425
9645
8621
8828
9195
9285
9695
8284
8537
8291
9070
9784
10332
9631
9591
8685
10120
8697
9104
9193
9762
8832
9010
10680
8660
7725
7843
7684
7221
7022
7320
6492
8961
7038
7768
7430
6815
6110
6843
6352
6053
5991
5196
5986
6322
5973
5897
5449
5208
5622
5489
5850
5370
5840
6059
5845
6296
6462
6209
6077
6098
6373
5908
5866
6056
6283
5387
6023
5833
5637
5929
7081
7404
6996
7026
7454
7759
8463
9076
9450
11609
14228
17006
3309
3535
3601
3610
4075
3965
3911
3940
4338
4827
4592
5103
4589
5435
4039
4374
3928
4053
3927
4704
4634
4530
5011
5386
5433
5607
6160
6288
6968
7609
8035
8583
8592
9245
10071
9883
10764
9941
11496
9955
11337
11420
12980
15736
16196
18797
20789
23524
26209
33559
40371
57386
111745
307446
