2929
1326
772
634
520
416
483
433
341
347
284
308
289
260
202
219
212
195
224
217
211
177
192
173
152
141
148
120
142
135
156
105
103
107
105
107
99
95
100
106
95
99
102
88
97
99
101
92
86
73
63
64
63
148
166
121
159
117
108
129
127
129
107
113
109
104
108
102
111
100
87
92
90
88
104
120
79
80
94
88
110
92
92
108
97
89
73
84
89
94
104
91
89
102
81
95
102
89
109
58
102
84
76
96
81
84
95
82
101
97
100
107
82
94
110
95
92
91
102
86
111
104
88
99
99
98
86
75
97
83
87
90
89
91
70
91
102
89
84
106
73
104
109
90
91
93
92
80
97
84
91
87
69
76
88
73
111
112
100
99
98
90
122
89
70
88
91
87
104
107
83
112
101
117
134
131
116
158
199
290
122
80
94
85
74
65
57
83
81
85
72
89
93
114
93
75
98
106
97
62
80
73
95
114
120
101
110
108
125
119
126
152
157
166
181
164
208
184
175
192
194
214
227
251
270
287
370
426
505
704
788
1207
2405
87554
