25395
9209
6330
4949
3916
2995
3727
2939
2379
2230
2004
2037
1718
1551
1426
1284
1516
1514
1669
1429
1314
1146
1299
1103
1090
865
877
829
838
973
912
809
708
682
648
637
654
626
633
642
550
606
612
555
518
511
479
566
498
435
437
455
430
1487
1221
957
905
767
712
940
737
702
648
616
621
591
563
541
589
519
574
556
588
546
543
549
572
546
553
558
549
518
586
532
494
531
510
498
463
466
474
461
471
525
455
551
495
511
467
475
524
500
511
537
536
524
495
490
528
560
519
511
496
521
515
494
526
567
529
522
554
516
507
473
500
517
535
497
570
529
491
434
517
443
430
438
481
469
460
505
450
473
468
418
417
450
484
418
458
414
458
433
465
436
406
447
485
518
476
516
509
471
507
426
429
496
429
496
539
511
511
492
521
554
627
599
647
831
1017
1485
480
322
373
346
351
356
341
388
375
395
404
472
424
431
417
392
387
430
391
362
421
410
462
426
501
497
547
504
567
621
717
759
709
813
843
852
1028
824
865
928
941
1042
1103
1209
1407
1580
1837
2074
2514
3449
3859
5508
11503
192428
