277471
106679
78132
59351
43632
32324
35634
30729
21277
22080
21502
19151
15006
13634
13012
10889
14932
16331
18184
13562
12635
11240
13787
10283
10442
7849
7570
6930
6242
9859
7674
6550
5710
5379
5837
5057
5108
5283
4921
4905
5528
5358
4549
4456
4130
3633
4178
4665
3855
3278
3157
3013
3469
20306
11490
8127
7656
5885
5629
7321
5660
4670
5186
4803
4900
4246
3938
3696
4094
3738
3946
4396
5092
4187
4013
4277
4847
4121
4065
4893
3785
4001
4391
3619
3303
3411
3601
4166
3123
3209
3373
3486
3636
3616
3590
3797
3573
3452
3647
3164
3450
3479
3504
3690
3526
3285
3315
3444
3751
3762
3734
3767
3400
3693
3557
3449
3683
3823
3545
3703
3881
3634
3307
3162
3296
3116
3142
3169
2958
3436
3052
3178
2926
2870
2649
2968
2909
2731
2815
2503
2619
2890
2660
2673
2440
2487
2551
2479
2594
2461
2756
2559
2596
2675
2585
2722
2750
2771
2723
2668
2802
2674
2809
2406
2601
2759
2591
2583
2849
3051
3096
3039
3022
3330
3723
3753
4077
4921
6442
8493
2013
1787
1924
1785
1978
1952
1928
2002
2082
2227
2205
2420
2227
2493
2070
2065
1913
2067
1978
2141
2139
2126
2406
2455
2623
2647
2753
2948
3183
3535
3497
3936
3935
4259
4460
4633
5394
4392
5022
4986
5058
5447
6116
6887
7872
9034
10070
11521
13021
17337
20194
28808
59976
385668
