98
49
52
23
24
16
22
23
18
20
15
15
17
19
13
6
16
17
18
10
10
11
14
12
11
9
8
10
15
14
11
8
8
16
9
9
13
7
6
9
14
9
4
7
5
12
7
7
4
5
6
4
8
10
13
11
6
4
6
11
7
10
6
15
5
11
3
12
9
7
10
7
4
10
5
6
9
4
8
14
5
6
11
4
9
7
10
9
8
6
12
13
9
11
6
5
7
8
10
6
4
6
2
9
5
4
11
7
9
15
4
8
6
8
9
8
13
10
11
6
8
2
9
9
5
3
5
4
9
10
7
4
7
8
15
8
12
12
5
13
9
8
6
12
7
5
9
13
10
6
13
13
9
7
7
12
13
17
11
11
9
16
7
10
11
8
13
8
10
10
13
10
12
10
9
13
12
15
15
23
24
15
11
9
7
7
11
6
10
6
10
6
8
11
6
8
11
10
5
5
6
9
10
10
19
8
13
10
20
11
8
14
14
12
22
23
25
14
16
23
27
22
29
32
28
29
33
45
50
78
77
132
256
29636
