1756923
614706
447957
327348
217076
156546
163750
145192
93602
99345
98411
81949
60519
55059
57412
45461
76933
82960
87668
54150
54994
45743
58883
38294
41117
26162
27241
22771
22516
40763
24380
20577
17475
18237
18699
17274
19406
19452
16785
16948
19463
19116
14856
14805
14934
12401
15008
19185
12926
10483
9500
10751
14503
137061
51338
32206
26565
18682
17747
23397
20127
15508
18796
15615
16379
13164
12174
11668
14129
12175
13219
15609
19315
13818
13658
15323
18751
13060
12425
16151
11529
13098
13441
10144
9504
10211
11643
13297
9055
10142
10530
11012
12066
10850
11105
11817
11682
11202
11500
10559
11073
11081
11298
11507
10086
10453
10176
10876
11515
12122
11568
10839
10343
11541
10155
10664
10779
10996
10315
10533
11326
9929
9001
9181
8631
8403
8321
8552
7730
10056
8494
9061
8235
7934
7391
7910
7503
7113
6891
6187
7182
7116
7189
6908
6391
6175
6674
6354
6660
6332
6985
7016
6927
7277
7507
7281
7233
7083
7385
7049
6646
6814
6848
6337
6939
6522
6635
7021
7834
7992
7735
7848
8283
8712
9501
9873
10187
12263
14358
15408
3648
4082
4165
4227
4411
4456
4468
4359
4736
5540
5009
5489
5067
5575
4452
4761
4522
4496
4351
5347
5296
4986
5439
6045
6103
6355
6682
7009
7380
8145
8829
9078
9281
9640
10608
10515
11178
10017
11419
10598
12312
11858
13454
15727
16587
18866
20779
23004
26249
32369
37313
52802
94013
197633
