1698114
595413
436193
317037
211015
151442
159349
141956
90899
96915
96374
80098
58896
53513
55766
43973
74400
80944
85494
52769
53919
44618
58069
37291
40620
25445
26512
22193
21887
40200
23948
20192
17028
17810
18285
16793
18866
19040
16311
16510
19052
18562
14399
14458
14472
11939
14630
18727
12587
10134
9161
10344
13950
131420
49742
31232
25951
18155
17160
23024
19532
15038
18353
15256
16013
12833
11854
11305
13751
11899
12795
15226
19032
13472
13243
14878
18510
12747
12105
15965
11158
12772
13249
9937
9196
9907
11372
13124
8786
9800
10219
10738
11764
10613
10881
11574
11382
10972
11211
10273
10704
10784
10995
11246
9802
10194
9899
10649
11258
11855
11306
10636
10093
11353
9934
10459
10553
10824
10063
10336
11280
9727
8807
8982
8487
8246
8125
8366
7551
9909
8302
8874
8101
7775
7205
7753
7330
6956
6771
6007
7004
6980
7002
6762
6277
6012
6536
6254
6530
6173
6829
6852
6803
7147
7387
7130
7072
6953
7263
6903
6521
6740
6772
6212
6817
6411
6495
6868
7780
7901
7644
7770
8192
8603
9360
9785
10110
12224
14468
15712
3585
4010
4088
4141
4374
4394
4405
4303
4690
5446
4961
5464
5005
5590
4395
4728
4434
4460
4293
5260
5207
4909
5403
5956
6014
6270
6639
6933
7345
8076
8792
9035
9198
9612
10596
10450
11152
10086
11466
10558
12228
11857
13484
15814
16597
18964
20926
23187
26411
32748
37999
53834
97260
212186
