1815488
633937
459613
337654
223096
161639
168134
148407
96285
101739
100395
83786
62161
56589
59055
46936
79480
84976
89826
55510
56056
46845
59727
39285
41625
26883
27958
23329
23148
41325
24806
20941
17919
18686
19103
17745
19937
19863
17251
17394
19852
19680
15329
15139
15403
12860
15386
19648
13270
10818
9839
11163
15062
142664
52910
33176
27164
19209
18323
23781
20715
15982
19233
15976
16738
13493
12496
12016
14500
12458
13629
15988
19592
14163
14069
15765
19009
13358
12767
16326
11892
13413
13625
10355
9806
10512
11906
13454
9334
10485
10840
11288
12344
11072
11333
12078
11957
11450
11775
10843
11417
11389
11558
11763
10368
10726
10450
11105
11757
12393
11826
11038
10591
11719
10381
10866
10998
11163
10553
10731
11383
10127
9201
9378
8776
8561
8511
8736
7885
10201
8677
9247
8347
8097
7582
8064
7665
7272
7006
6348
7367
7263
7361
7037
6511
6324
6817
6460
6779
6494
7137
7174
7028
7401
7657
7415
7379
7231
7505
7193
6764
6885
6927
6459
7045
6622
6775
7163
7901
8082
7804
7928
8379
8815
9646
9949
10269
12280
14215
15111
3696
4139
4239
4306
4457
4509
4522
4415
4793
5614
5048
5505
5132
5555
4490
4803
4598
4530
4416
5429
5372
5066
5475
6121
6196
6436
6720
7052
7447
8184
8882
9105
9375
9626
10626
10553
11210
9954
11361
10638
12373
11848
13403
15620
16566
18741
20595
22816
26026
31958
36612
51703
90755
183848
