1444643
513147
384229
273349
185147
129896
140651
127589
79410
86577
87085
72016
52115
46995
48930
37754
63640
72066
75801
46902
49273
39770
54294
33259
38315
22656
23533
19828
19291
37608
22147
18504
15232
16083
16486
14854
16592
17257
14393
14601
17471
16397
12575
13107
12562
10049
12952
16676
11128
8678
7863
8705
11780
107547
42710
27065
23335
15963
14838
21386
17059
12970
16406
13732
14320
11408
10548
9660
12105
10748
10995
13512
17631
11910
11443
12967
17407
11359
10771
14979
9743
11305
12471
8898
8077
8612
10096
12314
7718
8392
9051
9422
10293
9660
9851
10434
10109
9789
10028
9031
9230
9545
9660
10077
8646
8944
8658
9452
10160
10722
10036
9847
8987
10443
9005
9469
9499
10045
9128
9338
10894
8883
7977
8120
7888
7462
7294
7576
6747
9204
7343
8024
7598
7043
6366
7054
6571
6268
6177
5366
6183
6491
6225
6127
5625
5391
5840
5686
6018
5547
6057
6251
6075
6527
6713
6419
6332
6309
6600
6145
6029
6243
6413
5573
6225
6004
5833
6155
7286
7549
7202
7240
7685
7995
8716
9286
9675
11856
14395
16851
3360
3653
3705
3749
4154
4055
4033
4045
4453
4973
4699
5247
4712
5536
4113
4480
4068
4180
4034
4861
4768
4631
5135
5543
5572
5788
6309
6482
7088
7734
8314
8771
8740
9402
10283
10085
10920
10058
11558
10142
11640
11591
13216
15889
16400
18961
21008
23666
26463
33701
40123
57111
109476
283998
