2227332
769167
539161
409976
264869
197167
198352
170326
114379
118177
113754
96558
73445
67325
70455
56889
97268
98785
104821
64693
63351
54475
65307
45967
45386
31398
32822
27365
27485
44943
27489
23422
20899
21811
22007
20922
23189
22821
20380
20363
22676
23640
18642
17650
18603
15814
17945
22682
15702
12885
12385
14101
18991
181202
63570
39396
30791
22797
22198
26280
24458
19105
21887
18306
19121
15455
14866
14043
17041
14160
16362
18440
21425
16358
16666
18572
20515
15408
15058
17570
14023
15510
14705
11860
11606
12382
13619
14495
11224
12609
12635
13119
14258
12435
12851
13676
13690
13113
13648
12552
13561
13120
13313
13450
11961
12317
12035
12577
13306
14008
13291
12200
12140
12618
11420
12072
12238
12548
11600
11764
11997
11142
10573
10515
9756
9517
9565
9525
8947
11033
9448
10214
8953
9026
8774
8983
8526
8015
7710
7227
8169
8325
8280
7896
7213
7119
7542
7145
7622
7473
7860
7875
7797
7942
8395
8093
7862
7894
8168
7832
7333
7235
7459
7167
7635
6968
7540
7783
7962
8442
8210
8162
8782
9065
10169
10297
10384
11781
12828
12967
3968
4397
4433
4736
4637
4727
4757
4790
4995
5752
4987
5320
5407
5353
4705
4981
4913
4652
4666
5705
5773
5262
5600
6374
6398
6851
6701
7262
7492
8417
8908
9021
9482
9485
10356
10260
10925
9397
10861
10601
12252
11734
12628
14456
15934
17321
18909
21047
23930
28165
31291
43334
69876
114439
