1064048
390187
293872
209876
146018
102023
112158
101688
63914
69964
69647
58490
42651
38292
39354
30459
49237
56690
59813
38721
39952
32793
44936
28143
31789
19580
19842
17246
16360
31135
19260
16063
13312
13631
14358
12437
13676
14542
12156
12232
14878
13906
10625
11475
10412
8252
10741
13463
9433
7310
6843
7173
9390
77701
34222
22182
19974
13699
12555
18442
13929
10792
13526
11617
12187
9748
8995
7942
10065
8913
9199
11247
14774
10045
9590
10695
14313
9687
9298
12922
8458
9512
10908
7650
7038
7282
8500
10768
6554
7005
7790
7831
8555
8323
8436
8849
8584
8352
8440
7557
7761
8201
8140
8445
7358
7420
7319
7940
8656
9063
8446
8604
7693
8848
7832
7959
8280
8608
7862
7972
9617
7923
7066
7053
6891
6541
6402
6534
5898
8028
6165
6896
6755
6113
5379
6160
5752
5517
5419
4726
5400
5771
5379
5253
4958
4759
5051
4904
5278
4895
5275
5338
5206
5648
5659
5618
5409
5515
5652
5266
5246
5466
5791
4821
5380
5314
5071
5269
6348
6901
6323
6296
6645
6911
7655
8259
8539
10579
13226
16489
3172
3136
3372
3254
3772
3645
3594
3670
3949
4439
4220
4618
4218
4998
3815
3997
3602
3634
3602
4244
4197
4144
4547
4906
4973
5107
5600
5672
6340
7127
7160
7842
7976
8524
9213
9186
10102
9215
10638
9320
10168
10642
12073
14451
15278
17611
19491
22134
24667
31950
38843
55104
110645
361820
