823789
307720
230974
166873
117747
83474
91646
82425
52653
57218
56475
48093
35717
32009
32375
25546
39725
45185
48425
32513
32675
27403
36749
24036
26190
16967
16942
14981
14123
25557
16658
13963
11747
11693
12590
10731
11505
12303
10546
10585
12589
11860
9423
9927
9026
7183
9234
11051
8329
6518
6092
6285
7944
60098
28285
18750
17293
12076
11049
15846
11790
9372
11443
9933
10529
8538
7873
7004
8782
7694
8055
9538
12319
8733
8318
9142
11785
8500
8143
11047
7458
8193
9438
6934
6322
6380
7373
9247
5936
6172
6736
6814
7428
7326
7328
7700
7372
7264
7393
6658
6707
7207
7109
7334
6548
6509
6418
6890
7581
7816
7374
7565
6748
7697
6929
6860
7197
7530
6869
6954
8203
7065
6295
6198
6147
5735
5773
5856
5370
7034
5485
5975
5916
5447
4776
5463
5180
4975
4859
4312
4836
5193
4808
4751
4480
4294
4488
4475
4640
4462
4760
4727
4720
4885
4987
4983
4851
4912
4951
4703
4715
4895
5187
4267
4768
4798
4579
4610
5518
6068
5668
5505
5827
6082
6836
7368
7592
9417
11842
15003
3021
2856
3162
2965
3372
3303
3322
3351
3542
4017
3838
4225
3839
4493
3497
3616
3303
3319
3308
3777
3774
3710
4096
4391
4458
4629
5005
5143
5617
6478
6352
7008
7148
7625
8256
8325
9167
8211
9525
8507
9062
9588
10936
12860
13911
15960
17560
20109
22411
29294
35518
50375
102652
391740
