1932866
672587
482579
358292
235119
171799
176851
154788
101538
106429
104268
87476
65416
59650
62311
49795
84606
88983
94137
58175
58156
49052
61379
41216
42693
28233
29355
24488
24374
42422
25591
21659
18773
19586
19939
18690
20915
20712
18191
18242
20641
20827
16273
15804
16372
13731
16155
20541
13966
11442
10537
12025
16205
153724
56016
35068
28303
20224
19435
24496
21833
16905
20053
16686
17443
14080
13152
12622
15264
12965
14457
16689
20161
14817
14865
16609
19453
13925
13478
16678
12573
14043
13942
10776
10356
11072
12447
13749
9850
11166
11385
11828
12906
11486
11762
12592
12470
11919
12317
11396
12091
11928
12095
12260
10855
11258
10957
11503
12208
12945
12300
11400
11021
12018
10760
11181
11408
11504
10929
11044
11533
10477
9609
9715
9096
8864
8871
9018
8189
10457
8976
9523
8522
8398
7959
8351
7961
7518
7222
6616
7660
7614
7666
7333
6776
6574
7047
6662
7050
6783
7384
7414
7269
7606
7913
7634
7579
7455
7704
7423
6957
6993
7107
6682
7239
6750
7004
7385
7947
8231
7940
8034
8508
8943
9883
10091
10378
12167
13858
14476
3807
4227
4317
4449
4549
4597
4611
4533
4885
5693
5065
5464
5254
5489
4545
4909
4678
4577
4527
5528
5513
5185
5539
6199
6324
6566
6760
7144
7501
8289
8931
9125
9426
9609
10587
10544
11219
9776
11242
10672
12404
11846
13237
15336
16473
18390
20183
22341
25476
30987
35184
49482
84523
160316
