1874191
653279
471121
347971
229121
166734
172491
151606
98913
104095
102331
85640
63802
58123
60698
48355
82052
86985
91978
56840
57110
47955
60556
40268
42152
27556
28645
23920
23755
41880
25204
21301
18350
19140
19510
18216
20420
20289
17717
17828
20237
20260
15797
15467
15889
13304
15765
20090
13624
11129
10182
11593
15633
148213
54463
34132
27729
19724
18864
24140
21278
16449
19650
16329
17093
13797
12827
12325
14879
12714
14051
16334
19876
14493
14475
16178
19240
13642
13125
16480
12239
13726
13789
10570
10088
10789
12187
13600
9597
10834
11118
11555
12620
11277
11551
12343
12213
11688
12046
11120
11766
11663
11823
12009
10616
11001
10702
11298
11988
12673
12068
11221
10805
11878
10578
11020
11201
11326
10748
10889
11457
10312
9403
9557
8936
8708
8705
8880
8044
10332
8835
9374
8437
8247
7766
8205
7817
7410
7115
6487
7522
7438
7512
7184
6644
6463
6933
6561
6911
6638
7260
7298
7152
7506
7781
7532
7487
7346
7606
7309
6864
6941
7007
6572
7138
6690
6896
7282
7925
8147
7880
7982
8451
8883
9770
10017
10335
12224
14052
14789
3757
4184
4282
4375
4505
4559
4563
4473
4834
5665
5059
5486
5195
5522
4516
4852
4641
4557
4480
5486
5445
5136
5500
6165
6269
6495
6751
7085
7488
8243
8902
9111
9406
9616
10609
10552
11215
9880
11294
10652
12401
11841
13329
15483
16522
18572
20393
22592
25765
31481
35899
50621
87646
171760
