1578371
556365
412026
296100
198695
141040
150407
135257
85380
92021
92150
76281
55597
50349
52436
40958
69267
76795
80973
49991
51723
42289
56390
35281
39596
24077
25032
21030
20609
39036
23082
19378
16132
16963
17406
15847
17779
18205
15358
15580
18276
17493
13504
13775
13537
10984
13826
17763
11897
9423
8501
9546
12865
119973
46360
29212
24697
17061
15990
22258
18317
14028
17465
14537
15209
12141
11209
10516
12946
11347
11931
14409
18378
12733
12386
13954
18044
12085
11465
15515
10447
12049
12866
9464
8645
9263
10779
12763
8264
9094
9640
10104
11058
10178
10403
11050
10766
10437
10630
9657
9981
10189
10336
10687
9236
9598
9318
10106
10725
11309
10724
10253
9546
10940
9502
10006
10077
10455
9595
9888
11104
9313
8390
8561
8202
7890
7720
7996
7175
9583
7854
8478
7846
7424
6792
7414
6964
6621
6499
5673
6600
6730
6621
6449
5974
5714
6209
5991
6292
5873
6466
6535
6480
6862
7079
6800
6735
6672
6955
6568
6280
6529
6599
5916
6563
6209
6181
6541
7571
7736
7458
7517
7974
8322
9085
9567
9929
12082
14548
16343
3468
3839
3907
3957
4276
4246
4227
4183
4582
5225
4829
5388
4879
5599
4244
4636
4278
4339
4162
5079
5006
4797
5298
5761
5820
6051
6521
6719
7269
7936
8622
8923
8973
9527
10490
10310
11065
10167
11532
10413
11966
11805
13417
15913
16563
19048
21107
23502
26576
33362
39232
55709
103599
245216
