2168140
749817
527933
399576
258958
192082
194139
167225
111829
115863
111858
94719
71891
65753
68863
55498
94733
96840
102675
63443
62324
53414
64529
45050
44840
30783
32161
26794
26878
44435
27109
23087
20496
21365
21583
20512
22742
22418
19958
19936
22266
23076
18176
17257
18167
15424
17601
22282
15357
12618
12020
13694
18448
175728
62106
38554
30338
22270
21665
25928
23974
18665
21559
17998
18791
15182
14533
13777
16714
13921
15998
18119
21150
16056
16325
18203
20318
15142
14760
17405
13749
15212
14560
11657
11366
12132
13406
14350
10957
12333
12392
12891
13996
12259
12618
13483
13455
12873
13396
12325
13282
12885
13087
13240
11746
12138
11834
12370
13101
13826
13126
12053
11933
12514
11305
11886
12101
12330
11492
11644
11886
11023
10419
10360
9624
9396
9434
9436
8798
10912
9402
10081
8876
8908
8635
8864
8439
7922
7630
7123
8084
8200
8166
7818
7150
7015
7456
7029
7532
7362
7788
7804
7705
7894
8342
8024
7800
7806
8108
7775
7269
7188
7418
7089
7564
6916
7466
7725
7977
8412
8155
8154
8718
9069
10153
10276
10396
11879
13038
13262
3952
4363
4420
4717
4633
4712
4745
4749
4983
5761
5006
5367
5387
5373
4694
4991
4885
4620
4660
5674
5737
5266
5591
6360
6405
6813
6711
7271
7489
8403
8933
9059
9470
9535
10405
10337
11011
9477
10967
10635
12315
11771
12793
14623
16090
17523
19192
21314
24264
28755
32084
44599
72624
122105
