103613
38892
27871
21555
16532
12490
14251
11910
8722
8606
8339
7573
6248
5689
5320
4550
5788
6126
6919
5588
4937
4599
5274
4185
4228
3416
3256
3008
2765
3767
3319
2917
2506
2356
2476
2178
2160
2288
2151
2132
2208
2310
2133
1932
1798
1690
1767
2064
1714
1551
1508
1415
1505
7121
4658
3431
3208
2634
2508
3252
2584
2271
2266
2187
2185
1955
1926
1763
1900
1682
1788
1950
2060
1836
1797
1924
2036
1922
1833
2078
1762
1811
1953
1722
1587
1585
1705
1814
1493
1562
1594
1607
1644
1685
1556
1775
1603
1575
1678
1501
1658
1692
1670
1730
1712
1633
1612
1555
1686
1775
1758
1732
1605
1714
1670
1630
1735
1769
1668
1750
1815
1715
1665
1525
1620
1540
1531
1513
1526
1664
1521
1501
1462
1421
1311
1411
1449
1405
1387
1330
1369
1412
1398
1310
1270
1299
1333
1284
1320
1216
1426
1324
1324
1399
1319
1356
1396
1461
1460
1405
1420
1415
1419
1318
1314
1418
1332
1398
1439
1497
1521
1605
1492
1650
1859
1868
1950
2399
3243
4397
1141
969
1083
974
1007
1057
1040
1060
1081
1144
1148
1315
1187
1284
1120
1087
1068
1102
1059
1134
1117
1127
1210
1338
1343
1387
1513
1605
1654
1827
1875
2115
2040
2216
2386
2447
2855
2297
2501
2616
2740
2837
3138
3477
4149
4578
5243
6011
6952
9418
10723
15178
32207
309141
