2109238
730529
516664
389228
253023
187006
189863
164128
109296
113483
109974
92912
70293
64208
67234
54078
92206
94887
100542
62147
61284
52335
63757
44099
44304
30162
31488
26219
26262
43944
26727
22732
20078
20910
21163
20071
22294
22005
19528
19500
21861
22514
17696
16880
17728
14999
17247
21864
15010
12346
11644
13282
17894
170225
60595
37698
29860
21763
21128
25577
23456
18229
21202
17688
18456
14898
14187
13493
16355
13681
15625
17780
20903
15755
15968
17814
20106
14835
14468
17219
13464
14920
14402
11446
11114
11860
13194
14198
10677
12052
12132
12635
13726
12061
12405
13275
13209
12637
13133
12111
12987
12634
12848
13015
11526
11948
11628
12165
12875
13626
12947
11885
11701
12405
11194
11699
11946
12103
11364
11513
11782
10894
10219
10203
9513
9267
9297
9349
8632
10799
9324
9950
8779
8782
8484
8724
8344
7817
7554
7005
7985
8072
8051
7713
7071
6905
7365
6925
7417
7207
7691
7717
7600
7842
8254
7938
7756
7716
8016
7712
7189
7142
7343
6994
7490
6871
7352
7659
7971
8379
8104
8142
8672
9043
10122
10245
10398
11966
13244
13566
3917
4332
4392
4665
4616
4687
4717
4700
4969
5752
5030
5395
5366
5393
4665
4988
4846
4600
4631
5635
5689
5258
5574
6345
6391
6770
6730
7251
7493
8379
8964
9088
9454
9571
10455
10410
11073
9549
11049
10658
12356
11801
12926
14810
16209
17751
19464
21570
24571
29359
32905
45856
75498
130741
