1237756
447218
336818
239430
164595
114611
125467
114296
71086
77983
78170
65165
47131
42328
43843
33754
55731
64148
67380
42581
44665
36105
49926
30543
35213
21048
21617
18438
17719
34535
20692
17240
14170
14814
15324
13572
15012
15904
13108
13267
16178
15041
11432
12286
11336
8968
11775
14961
10208
7877
7241
7760
10402
90718
37996
24312
21532
14656
13492
19917
15329
11663
14821
12626
13172
10467
9655
8611
10937
9808
9946
12297
16276
10824
10373
11672
15911
10448
9909
13971
8998
10392
11802
8177
7449
7813
9173
11537
7041
7566
8350
8493
9339
8926
9133
9540
9230
8986
9143
8158
8378
8770
8800
9167
7903
8058
7894
8573
9310
9831
9148
9231
8280
9622
8385
8663
8793
9334
8455
8602
10290
8389
7436
7527
7393
6953
6736
7004
6251
8592
6654
7417
7208
6533
5776
6574
6096
5838
5732
4990
5721
6087
5724
5634
5225
5029
5367
5246
5616
5167
5584
5786
5582
6052
6099
5965
5776
5830
6084
5608
5603
5825
6098
5144
5759
5611
5403
5652
6814
7195
6714
6752
7121
7421
8174
8739
9123
11229
13898
17006
3261
3389
3476
3447
3964
3847
3761
3826
4192
4674
4443
4907
4452
5282
3956
4216
3782
3864
3816
4509
4465
4370
4831
5195
5248
5388
5923
6021
6750
7455
7638
8318
8398
8967
9730
9601
10517
9714
11253
9711
10875
11174
12681
15299
15870
18405
20377
23096
25731
33064
40123
57037
112623
333413
