1515020
535858
399032
285206
192233
135658
145744
131682
82482
89442
89799
74236
53882
48715
50745
39404
66580
74559
78550
48521
50572
41087
55440
34265
39016
23371
24296
20443
19954
38392
22631
18957
15681
16524
16957
15371
17217
17745
14880
15112
17890
16958
13043
13451
13053
10515
13399
17254
11525
9053
8187
9133
12320
113983
44572
28172
24030
16495
15417
21844
17712
13507
16976
14144
14779
11786
10874
10102
12532
11060
11468
13974
18035
12336
11922
13469
17773
11712
11111
15262
10086
11673
12687
9199
8371
8952
10435
12556
7997
8748
9360
9767
10688
9934
10132
10756
10448
10133
10343
9350
9621
9866
9986
10397
8957
9276
8984
9802
10450
11023
10400
10052
9261
10695
9261
9757
9796
10262
9366
9620
11011
9106
8175
8343
8050
7688
7511
7796
6966
9396
7602
8265
7728
7238
6585
7233
6771
6442
6347
5517
6389
6606
6431
6285
5801
5562
6019
5844
6154
5724
6252
6393
6291
6711
6899
6609
6534
6492
6779
6379
6172
6395
6510
5748
6402
6114
6012
6345
7430
7652
7337
7390
7855
8172
8910
9427
9815
11983
14497
16618
3412
3756
3803
3859
4212
4148
4128
4118
4525
5107
4769
5328
4796
5588
4167
4567
4180
4267
4096
4986
4880
4733
5221
5650
5705
5922
6424
6612
7187
7837
8487
8876
8858
9475
10396
10198
11012
10132
11551
10298
11820
11705
13330
15909
16504
19028
21105
23614
26566
33579
39719
56505
106670
263944
