1638690
576022
424305
306633
204878
146283
154911
138633
88180
94476
94292
78229
57265
51955
54093
42467
71849
78897
83280
51390
52823
43474
57267
36287
40121
24758
25759
21612
21256
39623
23523
19796
16587
17387
17861
16311
18320
18624
15828
16062
18653
18019
13951
14113
14000
11458
14245
18255
12255
9785
8830
9942
13403
125734
48082
30250
25330
17629
16564
22642
18923
14538
17922
14910
15630
12503
11537
10921
13368
11619
12372
14828
18719
13115
12832
14416
18283
12438
11790
15757
10807
12417
13056
9724
8911
9586
11093
12943
8541
9448
9924
10437
11427
10391
10649
11337
11086
10714
10918
9963
10350
10491
10681
10961
9519
9914
9627
10409
10996
11597
11027
10437
9835
11162
9716
10249
10324
10654
9828
10126
11203
9519
8616
8779
8345
8089
7919
8183
7365
9758
8081
8694
7979
7598
7001
7594
7162
6796
6646
5835
6810
6857
6802
6620
6140
5869
6380
6135
6400
6017
6672
6686
6669
7003
7253
6980
6929
6829
7123
6747
6406
6654
6678
6078
6703
6318
6341
6714
7704
7817
7559
7655
8097
8461
9235
9682
10026
12169
14546
16031
3525
3920
4009
4059
4338
4330
4327
4242
4640
5344
4902
5434
4948
5603
4320
4691
4357
4410
4227
5161
5114
4852
5355
5874
5926
6170
6591
6833
7314
8014
8740
8987
9093
9574
10565
10404
11116
10156
11509
10495
12114
11863
13481
15885
16604
19033
21049
23372
26535
33066
38649
54803
100428
227591
