1991473
691893
493979
368578
241113
176860
181231
157933
104140
108776
106191
89295
67031
61178
63939
51218
87144
90963
96274
59512
59199
50161
62180
42174
43233
28898
30085
25061
24999
42945
25972
22019
19204
20027
20349
19157
21389
21146
18653
18652
21050
21398
16740
16149
16832
14155
16525
20991
14309
11752
10904
12459
16774
159202
57551
35979
28855
20730
20017
24863
22380
17363
20460
17033
17775
14362
13487
12921
15634
13201
14868
17045
20439
15144
15251
17016
19668
14222
13834
16864
12894
14332
14108
10994
10623
11342
12698
13909
10112
11480
11637
12094
13190
11685
11984
12849
12711
12154
12597
11654
12403
12177
12364
12519
11098
11520
11194
11705
12432
13196
12536
11580
11239
12159
10933
11350
11605
11678
11101
11211
11604
10633
9810
9875
9246
9016
9027
9149
8338
10584
9115
9677
8613
8541
8157
8476
8105
7626
7337
6744
7786
7792
7815
7469
6900
6700
7171
6741
7188
6939
7504
7523
7382
7711
8025
7740
7638
7563
7816
7535
7035
7031
7198
6794
7336
6795
7125
7472
7982
8296
8012
8070
8574
8987
10012
10151
10399
12102
13654
14164
3861
4260
4332
4526
4580
4635
4643
4600
4924
5728
5054
5449
5306
5454
4585
4952
4724
4592
4562
5565
5587
5234
5563
6240
6355
6642
6759
7191
7523
8326
8962
9135
9431
9598
10556
10519
11193
9679
11208
10673
12401
11838
13159
15178
16410
18186
19959
22097
25171
30483
34447
48297
81379
149469
