2050365
711202
505342
378900
247058
181936
185559
161038
106739
111119
108091
91094
68664
62698
65581
52650
89679
92933
98408
60839
60244
51269
62968
43140
43772
29542
30779
25640
25631
43442
26354
22367
19644
20476
20755
19620
21847
21577
19091
19075
21446
21962
17207
16509
17279
14582
16892
21429
14654
12054
11270
12871
17335
164721
59077
36842
29372
21240
20580
25220
22927
17796
20831
17362
18112
14629
13839
13210
15994
13430
15259
17414
20674
15445
15618
17411
19893
14513
14158
17041
13176
14625
14257
11227
10869
11609
12954
14050
10397
11768
11880
12373
13465
11867
12196
13074
12947
12390
12871
11892
12697
12409
12610
12766
11318
11738
11418
11936
12652
13409
12745
11731
11479
12290
11065
11519
11785
11887
11246
11362
11692
10767
10012
10037
9381
9145
9162
9251
8476
10696
9228
9818
8693
8660
8323
8596
8227
7717
7449
6869
7890
7950
7941
7592
6987
6802
7271
6827
7310
7070
7595
7626
7490
7780
8146
7843
7706
7642
7907
7630
7110
7084
7279
6887
7414
6833
7246
7566
7976
8335
8061
8116
8627
9012
10075
10197
10401
12033
13452
13865
3889
4293
4363
4605
4596
4661
4679
4659
4948
5740
5042
5426
5342
5427
4620
4975
4790
4592
4596
5593
5643
5249
5568
6293
6372
6712
6747
7226
7516
8351
8958
9120
9440
9589
10505
10480
11140
9607
11130
10662
12382
11824
13049
14992
16329
17975
19716
21839
24878
29928
33698
47073
78442
139849
