#Genomes with additional copies compared to other genomes
#Homology group identifier, number of additional copies compared to the lowest number in a homology group (at least 1).

#Genome 1
Core
 7374829, 1
 7380166, 1
 7380695, 1
 7380864, 1
 7380874, 1
 7380877, 1
 7380880, 1

Accessory
 7374443, 1
 7375365, 4
 7375570, 1
 7375571, 1
 7377439, 1
 7378621, 1
 7378996, 1
 7379098, 1
 7379099, 1
 7379550, 6
 7379845, 1
 7381988, 1

#Genome 2
Core
 7374524, 1
 7376329, 1
 7377293, 1
 7378238, 1
 7379100, 1
 7379139, 1
 7380144, 1
 7380166, 1

Accessory
 7375692, 1
 7376479, 1
 7379550, 7
 7381166, 1
 7382453, 6
 7382457, 7
 7382492, 1
 7382623, 1
 7383415, 1
 7383421, 1
 7383713, 1
 7384025, 1
 7384125, 1

#Genome 3
Core
 7378575, 1
 7379139, 1
 7380166, 1

Accessory
 7374915, 2
 7376877, 1
 7378621, 1
 7379098, 1
 7379099, 1
 7379550, 6
 7380943, 1
 7382116, 2
 7385177, 1
 7385242, 2
 7385243, 2
 7385277, 1
 7385354, 1
 7385356, 2
 7385503, 1
 7385781, 1

#Genome 4
Core
 7377161, 1
 7378811, 1
 7380166, 1

Accessory
 7375579, 1
 7376744, 1
 7376999, 1
 7378621, 1
 7379550, 5
 7379551, 1
 7379845, 1
 7381985, 1
 7381994, 1
 7386919, 2
 7386921, 2
 7386922, 2
 7386923, 2
 7386928, 2
 7387159, 1
 7387283, 1
 7387286, 1
 7387287, 1
 7387289, 1
 7387973, 1
 7387974, 1
 7387975, 1
 7387983, 1
 7387984, 1
 7387985, 1
 7387986, 1
 7387987, 1

#Genome 5
Core
 7374022, 1
 7378144, 1
 7380144, 1
 7380166, 1

Accessory
 7374914, 4
 7374916, 2
 7375052, 1
 7379550, 7
 7383474, 1
 7384309, 1
 7385046, 1
 7385277, 7
 7388394, 1
 7388449, 1
 7388753, 1
 7388846, 1
 7389158, 1

#Genome 6
Core
 7374382, 1
 7374471, 1
 7375006, 1
 7377194, 1
 7379139, 1
 7379547, 1
 7379709, 1
 7380166, 1
 7380352, 1
 7380615, 1

Accessory
 7375464, 1
 7375467, 1
 7375471, 1
 7375475, 1
 7375573, 1
 7375830, 1
 7378375, 1
 7378621, 1
 7379550, 5
 7379798, 1
 7384703, 1
 7389606, 2
 7389607, 2
 7390155, 3
 7390158, 1

#Genome 7
Core
 7375849, 1
 7379139, 1
 7379445, 1
 7379446, 1
 7380166, 1

Accessory
 7374915, 2
 7376764, 1
 7379550, 7
 7379811, 1
 7379813, 1
 7381994, 2
 7385046, 1
 7385278, 2
 7388204, 1
 7388374, 1
 7388382, 1
 7390369, 1
 7390399, 1
 7390400, 1
 7390407, 1
 7390408, 1
 7390409, 1
 7390410, 1
 7390411, 1
 7390412, 3
 7390413, 1

#Genome 8
Core
 7373981, 1
 7374524, 1
 7374610, 1
 7374730, 2
 7374836, 1
 7375271, 1
 7376109, 1
 7376902, 1
 7376963, 1
 7377438, 1
 7378182, 1
 7378464, 1
 7378905, 1
 7379139, 1
 7379416, 1
 7379561, 1
 7379625, 1
 7379935, 1
 7380166, 1
 7380466, 1
 7380472, 1
 7380977, 1
 7381173, 1
 7381195, 1
 7381224, 1
 7381287, 1
 7381723, 1

Accessory
 7375694, 1
 7376938, 1
 7377733, 1
 7378181, 1
 7378478, 1
 7379550, 5
 7380424, 1
 7380886, 1
 7381203, 1
 7383322, 1
 7383652, 1
 7383970, 1
 7384540, 1
 7384698, 4
 7384703, 4
 7384856, 1
 7384896, 1
 7385003, 1
 7385045, 1
 7390889, 1
 7390973, 2
 7390975, 4
 7390993, 1
 7391145, 1
 7391301, 1

#Genome 9
Core
 7374019, 1
 7378561, 1
 7379139, 1
 7380144, 1
 7380166, 1
 7380371, 1

Accessory
 7379550, 7
 7382415, 1
 7383113, 1
 7384133, 1
 7384791, 1
 7391490, 3
 7391491, 3

#Genome 10
Core
 7376134, 1
 7378144, 1
 7378581, 1
 7379298, 1
 7380144, 1
 7380166, 1
 7381381, 2

Accessory
 7375680, 1
 7379550, 8
 7380998, 1
 7381737, 1
 7382415, 1
 7382418, 1
 7382420, 1
 7382421, 1
 7382580, 1
 7382719, 1
 7383491, 1
 7384645, 1
 7384936, 1
 7385585, 1
 7389133, 1
 7391990, 1
 7392138, 4
 7392153, 2
 7392156, 1

#Genome 11
Core
 7374829, 1
 7380166, 1
 7380695, 1
 7380864, 1
 7380874, 1
 7380877, 1
 7380880, 1

Accessory
 7374443, 1
 7375365, 4
 7375570, 1
 7375571, 1
 7377439, 1
 7378621, 1
 7378996, 1
 7379098, 1
 7379099, 1
 7379550, 6
 7379845, 1
 7381988, 1

#Genome 12
Core
 7379553, 1
 7380144, 1
 7380166, 1
 7380710, 1

Accessory
 7374625, 1
 7375577, 1
 7379550, 7
 7381994, 5
 7382118, 1
 7382619, 1
 7382749, 1
 7383625, 1
 7383986, 1
 7384363, 1
 7386075, 1
 7386496, 1
 7388190, 1
 7392719, 3
 7392722, 7
 7393338, 1

#Genome 13
Core
 7375712, 1
 7375736, 1
 7377203, 1
 7378650, 1
 7379457, 1
 7380166, 1

Accessory
 7374915, 3
 7375253, 1
 7376568, 1
 7377400, 1
 7378621, 1
 7379276, 1
 7379550, 4
 7379551, 2
 7380256, 1
 7381496, 1
 7384730, 1
 7385277, 2
 7393534, 1
 7393535, 1
 7393661, 1
 7393679, 1

#Genome 14
Core
 7377161, 1
 7378811, 1
 7380166, 1

Accessory
 7375579, 1
 7376744, 1
 7377894, 1
 7378621, 1
 7379550, 3
 7379551, 3
 7379845, 1
 7381985, 1
 7381994, 1
 7386919, 2
 7386921, 2
 7386922, 2
 7386923, 2
 7386928, 2
 7387161, 1
 7387283, 1
 7387285, 1
 7387286, 1
 7387287, 1
 7387289, 1
 7387973, 1
 7387974, 1
 7387975, 1
 7387983, 1
 7387984, 1
 7387985, 1
 7387986, 1
 7387987, 1

#Genome 15
Core
 7374022, 1
 7377290, 2
 7377293, 2
 7377295, 2
 7377301, 2
 7377302, 1
 7379139, 1
 7380144, 1
 7380166, 1

Accessory
 7376726, 1
 7377292, 2
 7377296, 2
 7377303, 1
 7379550, 7
 7382401, 1
 7383321, 2
 7383322, 2
 7383324, 2
 7383325, 2
 7394040, 1

#Genome 16
Core
 7374765, 1
 7376963, 1
 7376972, 1
 7378144, 1
 7379139, 1
 7380166, 1
 7380493, 1

Accessory
 7374916, 3
 7376800, 1
 7378321, 1
 7379375, 1
 7379550, 5
 7383586, 1
 7384103, 1
 7384376, 1
 7384496, 1
 7385046, 1
 7385277, 3
 7385779, 1
 7386456, 2
 7387270, 1
 7387338, 1
 7388473, 2
 7388741, 1
 7390737, 2
 7390973, 3
 7390975, 3
 7394042, 1
 7394355, 1
 7394413, 1
 7394422, 1
 7394423, 1
 7394424, 1
 7394425, 1
 7394426, 1
 7394531, 1
 7394542, 1
 7394557, 1

#Genome 17
Core
 7377741, 1
 7378514, 1
 7379139, 1
 7380047, 1
 7380166, 2
 7380710, 1
 7381381, 1

Accessory
 7375365, 1
 7375578, 1
 7375579, 1
 7376110, 1
 7376726, 1
 7377247, 2
 7378829, 1
 7379105, 1
 7379765, 1
 7380010, 1
 7380125, 2
 7382424, 1
 7382872, 1
 7383010, 1
 7383474, 1
 7383633, 1
 7383742, 1
 7383829, 1
 7384125, 1
 7384387, 1
 7384699, 1
 7384817, 1
 7385046, 1
 7386456, 2
 7386496, 1
 7388638, 1
 7388903, 1
 7388982, 1
 7388985, 5
 7389158, 1
 7389606, 4
 7389607, 2
 7390737, 1
 7392668, 1
 7394967, 1
 7395104, 1
 7395274, 1

#Genome 18
Core
 7379139, 1
 7380166, 1
 7380348, 1
 7380350, 1
 7380351, 1
 7380352, 1
 7380353, 1
 7380356, 1
 7380357, 1
 7380358, 1
 7380359, 1
 7380360, 1
 7380362, 1
 7380363, 2
 7380364, 1
 7380365, 1
 7380367, 1

Accessory
 7375477, 1
 7375570, 3
 7376347, 1
 7377919, 1
 7378621, 1
 7379550, 7
 7380354, 1
 7380361, 1
 7385243, 3
 7389713, 1
 7395491, 1
 7395492, 1
 7395496, 1
 7395497, 1
 7395498, 1
 7395500, 1
 7395501, 1
 7395502, 1
 7395503, 1
 7395504, 1
 7395505, 1
 7395506, 1
 7395507, 1
 7395508, 1
 7395509, 1
 7395510, 1
 7395511, 1
 7395512, 1
 7395513, 1
 7395514, 1
 7395515, 1
 7395516, 1
 7395517, 3
 7395519, 1
 7395521, 1

#Genome 19
Core
 7374829, 1
 7379747, 1
 7380166, 1
 7380695, 1
 7380864, 1
 7380874, 1
 7380877, 1
 7380880, 1

Accessory
 7374443, 1
 7375365, 3
 7375570, 1
 7375571, 1
 7377439, 1
 7378621, 1
 7378996, 1
 7379098, 1
 7379099, 1
 7379550, 5
 7379845, 1
 7381988, 1

#Genome 20
Core
 7374972, 1
 7378982, 1
 7380864, 1
 7380874, 1
 7380877, 1
 7380880, 1

Accessory
 7374625, 1
 7375878, 1
 7377174, 1
 7378621, 1
 7379550, 7
 7380865, 1
 7382945, 4
 7383996, 1
 7384867, 1
 7385240, 1
 7385787, 1
 7386718, 1
 7386741, 4
 7387269, 1
 7393636, 1
 7395958, 1
 7396028, 1

#Genome 21
Core
 7379139, 1
 7380166, 1

Accessory
 7375187, 1
 7375570, 3
 7375571, 3
 7375650, 1
 7375779, 1
 7375786, 1
 7376906, 1
 7378621, 1
 7379424, 1
 7379551, 5
 7382720, 1
 7383585, 1
 7390168, 1
 7393534, 8
 7393535, 8
 7396229, 6

#Genome 22
Core
 7379139, 1
 7379499, 1
 7379998, 1
 7380166, 1
 7381669, 1

Accessory
 7374625, 1
 7374915, 2
 7377326, 1
 7378621, 1
 7379271, 1
 7379550, 7
 7381983, 1
 7381985, 1
 7382008, 2
 7382718, 1
 7385278, 2
 7386555, 2
 7396529, 1
 7396737, 1
 7396959, 1
 7397006, 1
 7397007, 1
 7397008, 1

#Genome 23
Core
 7380144, 1
 7380166, 1

Accessory
 7375491, 2
 7375578, 1
 7379105, 1
 7379550, 7
 7381994, 6
 7382454, 2
 7382457, 2
 7382945, 1
 7383633, 1
 7383661, 1
 7384387, 1
 7386741, 1
 7388190, 1
 7388206, 1
 7388644, 1
 7389203, 1
 7389262, 1
 7389390, 1
 7389606, 8
 7389607, 8
 7390267, 1
 7390318, 1
 7390562, 1
 7390926, 1
 7391531, 1
 7393063, 1
 7393336, 1
 7394956, 1
 7397107, 1
 7397348, 1
 7397670, 1
 7397729, 1

#Genome 24
Core
 7378024, 1
 7379139, 1
 7380047, 1
 7380166, 1
 7380710, 1

Accessory
 7374625, 1
 7374915, 2
 7375452, 1
 7376618, 1
 7376726, 1
 7377383, 1
 7379175, 1
 7379550, 6
 7381994, 1
 7382003, 2
 7382116, 1
 7382373, 1
 7382454, 1
 7382457, 1
 7383466, 1
 7383474, 1
 7383938, 1
 7384117, 1
 7384166, 1
 7384363, 1
 7384440, 1
 7384859, 1
 7385046, 1
 7385278, 2
 7386456, 2
 7386633, 1
 7389064, 1
 7389066, 1
 7389076, 1
 7389203, 2
 7390737, 2
 7391222, 1
 7392719, 4
 7392722, 6
 7393534, 1
 7393535, 1
 7395095, 1
 7395612, 1

#Genome 25
Core
 7374564, 1
 7375063, 1
 7376278, 1
 7378666, 1
 7378672, 1
 7379139, 1
 7379962, 1
 7380030, 1
 7380093, 1
 7380144, 1
 7380166, 1
 7380435, 1
 7380632, 1

Accessory
 7374914, 3
 7377884, 1
 7379550, 8
 7379787, 1
 7380415, 1
 7380417, 1
 7380418, 2
 7380420, 1
 7380421, 1
 7380423, 1
 7380424, 1
 7380425, 1
 7380428, 1
 7380429, 1
 7380430, 1
 7380431, 1
 7380432, 1
 7382371, 1
 7382457, 1
 7383149, 1
 7383323, 1
 7383633, 1
 7384335, 1
 7385277, 3
 7387338, 1
 7388185, 1
 7388390, 1
 7388811, 1
 7392140, 1

#Genome 26
Core
 7377880, 1
 7380006, 1
 7380166, 1

Accessory
 7376687, 1
 7378621, 1
 7379550, 4
 7379914, 1
 7380161, 1
 7386718, 1
 7390610, 1
 7399008, 2
 7399040, 1
 7399147, 1
 7399191, 1

#Genome 27
Core
 7379409, 1
 7380695, 1
 7380880, 1

Accessory
 7375581, 1
 7378621, 1
 7378752, 1
 7379550, 4
 7380185, 1
 7381386, 1
 7382068, 1
 7382116, 2

#Genome 28
Core
 7373950, 1
 7376134, 1
 7377869, 1
 7378521, 1
 7380166, 1
 7380624, 1
 7380629, 1
 7380901, 1
 7381875, 1

Accessory
 7377903, 1
 7378621, 1
 7379550, 3
 7379551, 1
 7379721, 1
 7380432, 1
 7380950, 1
 7384049, 1
 7386714, 1
 7387412, 1
 7400025, 1

#Genome 29
Core
 7378144, 1
 7378536, 1
 7378537, 1
 7378538, 1
 7378539, 1
 7379139, 1
 7380166, 1

Accessory
 7374914, 4
 7378549, 1
 7379105, 1
 7379550, 6
 7382675, 1
 7382913, 1
 7382915, 1
 7384054, 1
 7384315, 1
 7384462, 1
 7384594, 1
 7385277, 4

#Genome 30
Core
 7374185, 1
 7374512, 1
 7374641, 1
 7374972, 1
 7376313, 1
 7376314, 1
 7379139, 1
 7379149, 1
 7380108, 1
 7380166, 1

Accessory
 7374443, 2
 7374915, 1
 7374916, 1
 7375779, 1
 7379550, 7
 7379597, 1
 7381166, 1
 7383102, 1
 7383624, 1
 7384206, 1
 7384478, 1
 7384567, 1
 7385277, 1
 7385278, 1
 7386421, 1
 7386919, 1
 7386921, 1
 7386922, 1
 7386923, 1
 7386928, 1
 7390247, 1
 7400322, 1
 7400323, 1
 7400355, 1
 7400436, 1
 7400485, 2
 7400486, 2
 7400487, 2

#Genome 31
Core
 7379139, 1
 7380144, 1
 7380166, 1

Accessory
 7379497, 1
 7379550, 7
 7384843, 1
 7384844, 1
 7384845, 1
 7385046, 1
 7391490, 3
 7391491, 3
 7392002, 1
 7393534, 2
 7393535, 2
 7394848, 1

#Genome 32
Core
 7380166, 1
 7380695, 1

Accessory
 7375055, 1
 7376168, 1
 7376442, 1
 7377590, 1
 7378621, 1
 7379550, 3
 7379551, 3
 7381334, 1
 7386748, 1
 7400884, 2

#Genome 33
Core
 7378144, 1
 7379139, 1
 7380166, 1

Accessory
 7378621, 1
 7379550, 7
 7383679, 1
 7383808, 1

#Genome 34
Core
 7374019, 1
 7374524, 1
 7374765, 1
 7376019, 1
 7376164, 1
 7376224, 1
 7376278, 1
 7376384, 1
 7376446, 1
 7377302, 1
 7377665, 1
 7377969, 1
 7378055, 1
 7378415, 1
 7378833, 1
 7378884, 1
 7379139, 1
 7379744, 1
 7379799, 1
 7380144, 1
 7380166, 1
 7380347, 1
 7380664, 1
 7380805, 1

Accessory
 7374838, 1
 7374977, 1
 7375102, 1
 7375263, 1
 7375704, 1
 7376162, 1
 7376414, 1
 7377103, 1
 7377331, 1
 7378321, 1
 7378474, 1
 7379550, 7
 7381236, 1
 7383000, 1
 7383016, 1
 7383286, 1
 7383319, 1
 7383450, 2
 7383671, 1
 7383680, 1
 7383709, 1
 7383734, 1
 7384161, 1
 7384164, 1
 7384389, 1
 7384955, 1
 7391147, 1
 7391580, 1
 7391582, 1
 7391583, 1
 7391584, 1
 7391585, 1
 7399351, 1
 7401668, 7
 7401669, 7
 7401751, 1

#Genome 35
Core
 7374829, 1
 7380166, 1
 7380695, 1
 7380864, 1
 7380874, 1
 7380877, 1
 7380880, 1

Accessory
 7374443, 1
 7375365, 4
 7375570, 1
 7375571, 1
 7377439, 1
 7378621, 1
 7378996, 1
 7379098, 1
 7379099, 1
 7379550, 6
 7379845, 1
 7381988, 1

#Genome 36
Core
 7380695, 1
 7380880, 1

Accessory
 7375596, 3
 7378621, 1
 7378752, 1
 7379550, 5
 7381386, 1
 7382116, 2

#Genome 37
Core
 7374378, 1
 7377290, 1
 7379547, 1
 7380058, 1
 7380144, 1
 7380166, 1

Accessory
 7374916, 1
 7375580, 2
 7376263, 1
 7376696, 1
 7377383, 1
 7379550, 6
 7381769, 1
 7382119, 2
 7384058, 1
 7384226, 1
 7385046, 1
 7385277, 1
 7386741, 1
 7389262, 2
 7401864, 1

#Genome 38
Core
 7374559, 1
 7375236, 1
 7378144, 1
 7378150, 1
 7378473, 1
 7378538, 1
 7379139, 1
 7380166, 1
 7380402, 1
 7381787, 2

Accessory
 7375969, 1
 7378392, 1
 7379550, 7
 7380239, 1
 7380276, 1
 7383201, 1
 7383334, 1

#Genome 39
Core
 7374308, 1
 7374447, 1
 7374524, 1
 7374529, 1
 7374571, 1
 7374599, 1
 7375712, 1
 7376384, 1
 7378294, 1
 7378679, 1
 7378834, 1
 7378903, 1
 7379042, 1
 7379709, 1
 7379868, 1
 7379935, 1
 7380166, 1
 7380377, 1
 7380399, 1
 7381176, 1
 7381231, 1

Accessory
 7375054, 1
 7375062, 1
 7375681, 1
 7376607, 1
 7376614, 1
 7376761, 1
 7377084, 1
 7378322, 1
 7378393, 1
 7378621, 1
 7379311, 1
 7379550, 3
 7380092, 1
 7380477, 1
 7380801, 1
 7382116, 1
 7382619, 1
 7383365, 1
 7385266, 1
 7386048, 1
 7386937, 1
 7388020, 1
 7389158, 2
 7389988, 1
 7390104, 1
 7399230, 2
 7400866, 1
 7403284, 1

#Genome 40
Core
 7380166, 1
 7380898, 1

Accessory
 7375570, 4
 7375571, 4
 7376762, 1
 7376922, 1
 7378621, 1
 7379550, 3
 7379551, 2
 7380950, 1
 7381182, 1
 7385529, 1
 7386718, 1

#Genome 41
Core
 7375228, 1
 7377880, 1
 7380166, 1

Accessory
 7376139, 1
 7376687, 2
 7378621, 1
 7379550, 6
 7380256, 1
 7383365, 1
 7386718, 1
 7389432, 1
 7389435, 1
 7390610, 1
 7398222, 1
 7398944, 1
 7398945, 1
 7398946, 1
 7398947, 1
 7398948, 1
 7398949, 1
 7398950, 1
 7398951, 1
 7398952, 1
 7398953, 1
 7398954, 1
 7398955, 1
 7398966, 1
 7398967, 1
 7398968, 2
 7398970, 1
 7398973, 1
 7398974, 1
 7398975, 1
 7398976, 1
 7398978, 1
 7398979, 1
 7398980, 1
 7398981, 1
 7398982, 1
 7398983, 1
 7398984, 1
 7398986, 1
 7398987, 1
 7398988, 1
 7398989, 1
 7398990, 1
 7398991, 1
 7399008, 2
 7399215, 1

#Genome 42
Core
 7379139, 1
 7379998, 1
 7380047, 1
 7380166, 2

Accessory
 7374915, 2
 7375929, 1
 7376245, 1
 7376766, 1
 7378621, 1
 7379550, 5
 7382120, 1
 7382674, 1
 7382945, 4
 7383474, 1
 7383633, 1
 7383661, 1
 7384486, 1
 7384487, 1
 7384698, 1
 7384703, 1
 7385277, 1
 7385278, 3
 7386456, 2
 7386741, 4
 7386764, 1
 7388298, 1
 7390372, 1
 7390737, 2
 7392719, 3
 7392722, 3
 7394967, 1
 7395023, 1

#Genome 43
Core
 7374022, 1
 7378144, 1
 7379139, 1
 7380144, 1

Accessory
 7374914, 4
 7374915, 1
 7375052, 1
 7375582, 1
 7376681, 1
 7376684, 1
 7377084, 1
 7379258, 1
 7379550, 7
 7382121, 1
 7382123, 1
 7382140, 1
 7382675, 1
 7383011, 1
 7383661, 1
 7385277, 6
 7386456, 2
 7386820, 1
 7388191, 1
 7388204, 1
 7388206, 1
 7388224, 1
 7388397, 1
 7389073, 1
 7390737, 1
 7390865, 1

#Genome 44
Core
 7379139, 1
 7380166, 1

Accessory
 7379550, 7
 7382453, 4
 7382457, 4
 7382627, 1
 7384010, 1

#Genome 45
Core
 7378144, 1
 7379139, 1
 7380166, 1

Accessory
 7377856, 1
 7379550, 6
 7384698, 4
 7384703, 4
 7390973, 4
 7390975, 5

#Genome 46
Core
 7378144, 1
 7379139, 1
 7380144, 1

Accessory
 7374627, 1
 7375329, 1
 7377397, 1
 7378176, 1
 7379550, 3
 7380112, 1
 7382422, 1
 7383314, 1
 7385811, 1
 7402091, 1

#Genome 47
Core
 7374524, 1
 7374972, 1
 7377163, 1
 7377333, 1
 7377680, 1
 7378182, 1
 7378800, 1
 7378905, 1
 7379139, 1
 7379744, 1
 7380864, 1
 7380874, 1
 7380877, 1
 7380880, 1

Accessory
 7374914, 2
 7375580, 1
 7375689, 1
 7375690, 1
 7375779, 1
 7376665, 1
 7377077, 1
 7377352, 1
 7377450, 1
 7377935, 1
 7378077, 1
 7378321, 1
 7379550, 7
 7380276, 1
 7380865, 1
 7381166, 1
 7382825, 1
 7382829, 1
 7383233, 1
 7383312, 2
 7383314, 1
 7383527, 1
 7383950, 1
 7384246, 1
 7384459, 1
 7384478, 1
 7384482, 1
 7385277, 2
 7390369, 1
 7390618, 1
 7390635, 1
 7391147, 1
 7395777, 1
 7400197, 2
 7400621, 1
 7400622, 1
 7401137, 1
 7404684, 1

#Genome 48
Core
 7374972, 1
 7375712, 1
 7377566, 1
 7378113, 1
 7379139, 2
 7379998, 1
 7380059, 1
 7380166, 1
 7380710, 1
 7380864, 1
 7380874, 1
 7380877, 1
 7380880, 1
 7381876, 1

Accessory
 7374443, 5
 7374625, 1
 7375187, 1
 7375365, 2
 7376752, 1
 7378621, 1
 7379098, 1
 7379099, 1
 7379550, 3
 7379551, 3
 7380865, 1
 7380879, 1
 7382283, 3
 7382543, 1
 7382945, 6
 7385046, 1
 7386014, 1
 7386489, 1
 7386741, 6
 7386742, 1
 7396028, 1
 7405136, 1

#Genome 49
Core
 7380144, 1
 7381381, 1

Accessory
 7374625, 1
 7379105, 1
 7379278, 1
 7379550, 6
 7383049, 1
 7384394, 1
 7384398, 1
 7385046, 1
 7386456, 2
 7386457, 1
 7389065, 1
 7389203, 1
 7389892, 1
 7389893, 1
 7390737, 1
 7391440, 1
 7392633, 1
 7392719, 1
 7392722, 1
 7394257, 1
 7403877, 1

#Genome 50
Core
 7373989, 1
 7374378, 1
 7377834, 1
 7379139, 1
 7379698, 1
 7379998, 1
 7380059, 1
 7380166, 1
 7380710, 1
 7380874, 1
 7380877, 1
 7380880, 1
 7381440, 1

Accessory
 7374007, 1
 7374625, 1
 7375878, 1
 7377602, 1
 7377718, 1
 7378072, 1
 7378621, 1
 7379550, 6
 7380790, 1
 7380865, 1
 7380870, 1
 7381066, 1
 7381166, 1
 7383303, 1
 7384703, 1
 7386358, 1
 7386359, 1
 7389606, 2
 7389607, 2
 7394967, 2
 7396028, 1
 7405093, 1
 7405958, 5
 7405959, 5
 7406245, 3
 7406246, 3

#Genome 51
Core
 7375607, 1
 7376034, 1
 7380166, 1

Accessory
 7375207, 1
 7375464, 1
 7375573, 1
 7375609, 1
 7375616, 1
 7376547, 1
 7377084, 1
 7378603, 1
 7378621, 1
 7379550, 7
 7382116, 3
 7382117, 2
 7384698, 2
 7384703, 2
 7386431, 1
 7386846, 1
 7387833, 1
 7397779, 1

#Genome 52
Core
 7374022, 1
 7376167, 1
 7378144, 1
 7380144, 1
 7380166, 1

Accessory
 7374914, 4
 7374916, 2
 7375052, 1
 7379550, 7
 7383474, 1
 7384309, 1
 7385046, 1
 7385277, 7
 7388394, 1
 7388753, 1
 7389158, 1

#Genome 53
Core
 7374022, 1
 7378144, 1
 7380144, 1
 7380166, 1

Accessory
 7374914, 4
 7374916, 2
 7375052, 1
 7379550, 8
 7380112, 1
 7380123, 1
 7380124, 2
 7383474, 1
 7384067, 1
 7384309, 1
 7385046, 1
 7385277, 7
 7388394, 1
 7388753, 1
 7388845, 1
 7389158, 1

#Genome 54
Core
 7375712, 1
 7378036, 1
 7378037, 1
 7378038, 1
 7379139, 1
 7380166, 1

Accessory
 7375570, 3
 7376347, 1
 7378621, 1
 7379550, 6
 7381125, 1
 7385243, 3
 7387889, 1
 7395474, 1
 7395491, 1
 7395492, 1
 7395495, 1
 7395496, 1
 7395497, 1
 7395498, 1
 7395500, 1
 7395503, 1
 7395570, 1
 7395575, 1
 7395576, 1
 7395577, 1
 7395578, 1
 7395579, 1
 7395580, 1

#Genome 55
Core
 7378144, 1
 7379139, 1
 7380166, 1

Accessory
 7375506, 1
 7379267, 1
 7379550, 7
 7383054, 1
 7384394, 1
 7385046, 1
 7386456, 1
 7390737, 1
 7390973, 5
 7390975, 5
 7403258, 1

#Genome 56
Core
 7380144, 1
 7380166, 1

Accessory
 7374625, 1
 7377080, 1
 7378844, 1
 7379550, 7
 7379983, 1
 7381942, 1
 7381994, 4
 7384843, 1
 7384844, 1
 7384845, 1
 7385046, 1
 7386456, 1
 7388148, 1
 7390737, 1

#Genome 57
Core
 7378144, 1
 7379139, 1
 7380166, 1

Accessory
 7374443, 1
 7375365, 1
 7376726, 1
 7379550, 7
 7380276, 1
 7386919, 1
 7386921, 1
 7386922, 1
 7386923, 1
 7386928, 1
 7388390, 1
 7388411, 1
 7388417, 1
 7389431, 1
 7389472, 1
 7389478, 1
 7396186, 1
 7398248, 1
 7398946, 1
 7398947, 1
 7398948, 1
 7399008, 3
 7400355, 1
 7400485, 1
 7400486, 1
 7400487, 1
 7405286, 1

#Genome 58
Core
 7377880, 1
 7378092, 1
 7379442, 1
 7380166, 1
 7380248, 1
 7380695, 2
 7380708, 2
 7380710, 1

Accessory
 7378621, 1
 7379550, 3
 7379551, 2
 7380705, 1
 7381994, 3
 7383371, 1
 7385277, 1
 7385302, 1
 7390109, 1
 7392363, 2
 7399229, 11
 7399231, 9
 7407662, 2
 7407663, 2
 7407664, 2
 7407666, 1
 7407671, 4

#Genome 59
Core
 7380166, 1

Accessory
 7375570, 4
 7375571, 4
 7375929, 1
 7376762, 1
 7376922, 1
 7378621, 1
 7379550, 1
 7379551, 4
 7386718, 1

#Genome 60
Core
 7377665, 1
 7379139, 1
 7380166, 1
 7380358, 2
 7380359, 3
 7380360, 1
 7380362, 1
 7380363, 2
 7380364, 1
 7380365, 1
 7380366, 1
 7380367, 1
 7380368, 1
 7380370, 1
 7380371, 1
 7380372, 1
 7380373, 2
 7380374, 1
 7380375, 1
 7380376, 1

Accessory
 7375570, 3
 7376347, 1
 7378621, 1
 7379550, 6
 7380361, 1
 7380369, 1
 7385243, 3
 7387911, 1
 7395537, 1
 7395538, 1
 7395539, 1
 7395541, 1
 7395542, 1
 7395543, 1
 7395544, 1
 7395545, 1
 7395546, 1
 7395547, 1
 7395548, 1
 7395549, 1
 7395551, 1
 7395552, 1
 7395554, 1

#Genome 61
Core
 7380166, 1

Accessory
 7375570, 4
 7375571, 4
 7375811, 1
 7376762, 1
 7376922, 1
 7378621, 1
 7379550, 1
 7379551, 3
 7386718, 1

#Genome 62
Core
 7380144, 1
 7380166, 1

Accessory
 7374907, 1
 7374914, 1
 7376263, 1
 7379550, 7
 7381259, 1
 7382619, 1
 7382631, 1
 7383063, 1
 7383680, 1
 7385046, 1
 7385277, 1
 7401931, 1

#Genome 63
Core
 7380144, 1
 7380708, 1
 7380710, 1

Accessory
 7376263, 2
 7376726, 1
 7379254, 1
 7379550, 7
 7382547, 1
 7382945, 5
 7384194, 1
 7384390, 1
 7385246, 1
 7386456, 3
 7386741, 5
 7388191, 1
 7388195, 1
 7389446, 1
 7389449, 1
 7389459, 1
 7389460, 1
 7389461, 1
 7389472, 1
 7390737, 3
 7390865, 1
 7391147, 1
 7392797, 1
 7394170, 1
 7394385, 1
 7399728, 1
 7400667, 1
 7400672, 1
 7402031, 1
 7402067, 1
 7402285, 1
 7403220, 1
 7405620, 1
 7406740, 1

#Genome 64
Core
 7374601, 1
 7376383, 1
 7377438, 1
 7378037, 1
 7378115, 1
 7378452, 1
 7379356, 1
 7379499, 1
 7380166, 1
 7380466, 1
 7380788, 1
 7381913, 1

Accessory
 7374625, 1
 7374946, 1
 7375137, 1
 7375365, 1
 7376855, 1
 7377228, 1
 7378621, 1
 7379098, 1
 7379099, 1
 7379550, 5
 7380129, 1
 7381994, 1
 7382392, 1
 7382443, 1
 7385293, 1
 7386020, 1
 7386919, 1
 7386921, 1
 7386922, 1
 7386923, 1
 7386928, 1
 7388255, 1
 7390092, 1
 7393499, 1
 7396028, 1
 7400355, 1

#Genome 65
Core
 7378144, 1
 7379139, 1
 7380166, 1

Accessory
 7374443, 1
 7375365, 1
 7375692, 1
 7379550, 7
 7380276, 1
 7386919, 1
 7386921, 1
 7386922, 1
 7386923, 1
 7386928, 1
 7399008, 4
 7400355, 1
 7400485, 1
 7400486, 1
 7400487, 1
 7407336, 1

#Genome 66
Core
 7380144, 1
 7380166, 1
 7380708, 1
 7380710, 1
 7381381, 1

Accessory
 7374625, 1
 7375366, 1
 7379550, 7
 7382116, 2
 7382675, 1
 7383309, 1
 7383885, 1
 7384266, 1
 7384394, 1
 7386048, 1
 7386456, 1
 7389065, 1
 7389473, 1
 7390737, 1
 7392641, 1
 7393137, 1
 7405795, 1
 7405909, 1

#Genome 67
Core
 7378144, 1
 7379139, 1
 7380166, 1

Accessory
 7374443, 1
 7375570, 1
 7375571, 1
 7379550, 7
 7380276, 1
 7386919, 1
 7386921, 1
 7386922, 1
 7386923, 1
 7386928, 1
 7399008, 4
 7400355, 1
 7400485, 1
 7400486, 1
 7400487, 1

#Genome 68
Core
 7374558, 1
 7374587, 1
 7377161, 1
 7377869, 1
 7378113, 1
 7379499, 1
 7380166, 2
 7380356, 1
 7380695, 1
 7380864, 1
 7380874, 1
 7380875, 1
 7380877, 1
 7380880, 1
 7381657, 1

Accessory
 7375253, 1
 7375570, 4
 7375571, 4
 7376951, 1
 7377084, 1
 7378621, 1
 7378996, 1
 7379550, 4
 7379856, 1
 7385747, 1
 7386727, 1
 7396028, 1

#Genome 69
Core
 7374730, 1
 7379139, 1
 7380144, 1
 7380166, 1
 7380360, 1
 7380864, 1
 7380874, 1
 7380877, 1
 7380880, 1

Accessory
 7374625, 1
 7374922, 1
 7375252, 1
 7375365, 1
 7379550, 7
 7380269, 1
 7380431, 1
 7380865, 1
 7380878, 1
 7382283, 2
 7383232, 1
 7383314, 1
 7383625, 1
 7383817, 1
 7384562, 1
 7391102, 1

#Genome 70
Core
 7374972, 1
 7377566, 1
 7378113, 1
 7379139, 2
 7379998, 1
 7380059, 1
 7380166, 1
 7380356, 1
 7380710, 1
 7380864, 1
 7380874, 1
 7380877, 1
 7380880, 1

Accessory
 7374443, 5
 7374625, 1
 7375187, 1
 7375365, 2
 7378621, 1
 7379098, 1
 7379099, 1
 7379550, 6
 7380763, 1
 7380865, 1
 7380878, 1
 7381994, 4
 7382283, 3
 7382945, 6
 7382947, 1
 7383126, 1
 7385046, 1
 7386741, 6
 7386742, 1
 7396028, 1
 7405135, 1
 7405136, 1
 7405151, 1
 7405152, 1
 7405153, 1
 7405154, 1

#Genome 71
Core
 7379139, 1
 7380144, 1
 7380166, 1

Accessory
 7376549, 1
 7379550, 5
 7383229, 1
 7388345, 1
 7391490, 1
 7391491, 1

#Genome 72
Core
 7374641, 1
 7375748, 1
 7378006, 1
 7378415, 1
 7379688, 1
 7380144, 1
 7380166, 1

Accessory
 7374625, 1
 7375483, 1
 7379550, 7
 7380917, 1
 7383312, 1
 7383526, 1
 7383938, 1
 7384073, 1
 7384505, 1
 7386633, 1
 7386821, 1
 7401703, 1
 7407152, 1
 7408190, 1

#Genome 73
Core
 7374972, 1
 7379139, 1
 7379547, 1
 7380166, 1

Accessory
 7374443, 1
 7374915, 1
 7374916, 1
 7375779, 1
 7379550, 7
 7381166, 1
 7383624, 1
 7385277, 1
 7385278, 1
 7386919, 1
 7386921, 1
 7386922, 1
 7400355, 1
 7400485, 2
 7400486, 2
 7400487, 2
 7400503, 1

#Genome 74
Core
 7379553, 1
 7380144, 1
 7380166, 1
 7380710, 1

Accessory
 7374625, 1
 7375577, 1
 7379550, 7
 7381994, 5
 7382118, 1
 7382619, 1
 7383298, 1
 7383986, 1
 7384363, 1
 7386075, 1
 7386496, 1
 7392719, 3
 7392720, 3
 7392722, 7

#Genome 75
Core
 7379139, 1
 7380144, 1
 7380166, 1

Accessory
 7377087, 1
 7379550, 7
 7382619, 1
 7383229, 1
 7384732, 1
 7391490, 2
 7391491, 2

#Genome 76
Core
 7376504, 1
 7377880, 1
 7378092, 1
 7378534, 1
 7379442, 1
 7380166, 1
 7380248, 1
 7380695, 2
 7380708, 2
 7380710, 1

Accessory
 7376607, 1
 7376646, 1
 7376659, 1
 7376793, 1
 7377323, 1
 7378621, 1
 7379081, 1
 7379551, 2
 7380705, 1
 7381994, 3
 7383563, 1
 7385277, 1
 7385938, 1
 7389415, 1
 7392363, 5
 7393589, 1
 7399229, 11
 7399230, 10
 7399233, 1
 7399235, 1
 7406767, 1
 7407408, 1
 7407662, 2
 7407663, 1
 7407664, 2
 7407671, 3
 7407672, 1
 7407673, 1
 7407790, 1

#Genome 77
Core
 7379139, 1
 7380864, 1
 7380874, 1
 7380877, 1
 7380880, 1

Accessory
 7374443, 1
 7374914, 3
 7375175, 1
 7375779, 1
 7379369, 1
 7379550, 6
 7380865, 1
 7381166, 2
 7382563, 1
 7382951, 1
 7383970, 1
 7384246, 1
 7384478, 1
 7385277, 3
 7386637, 1
 7390369, 1
 7400454, 1

#Genome 78
Core
 7376314, 1
 7380144, 1
 7380166, 1

Accessory
 7374977, 1
 7375681, 1
 7376719, 1
 7377735, 1
 7378321, 1
 7378845, 1
 7379550, 8
 7383985, 1
 7384246, 1
 7384364, 1
 7385243, 1
 7386456, 1
 7388397, 1
 7388656, 1
 7391926, 1
 7396369, 1
 7396370, 1

#Genome 79
Core
 7379139, 1
 7380144, 1
 7380166, 1
 7381381, 1

Accessory
 7376009, 1
 7376726, 1
 7379550, 6
 7380112, 1
 7382422, 1
 7384246, 1
 7384372, 1
 7388543, 1
 7389472, 1
 7390737, 2
 7391440, 1
 7405806, 1

#Genome 80
Core
 7379139, 1
 7380144, 1
 7380166, 1

Accessory
 7378110, 1
 7379550, 7
 7382453, 7
 7382457, 7
 7382488, 1
 7384661, 1

#Genome 81
Core
 7374019, 1
 7374378, 1
 7374646, 1
 7375736, 2
 7377161, 1
 7377969, 1
 7378509, 1
 7378667, 1
 7379139, 1
 7380014, 1
 7380384, 1
 7380695, 1
 7380858, 1

Accessory
 7374007, 1
 7374566, 1
 7374738, 1
 7375187, 1
 7375440, 1
 7375691, 1
 7375783, 1
 7376797, 1
 7376906, 1
 7377903, 1
 7378103, 1
 7378621, 1
 7379550, 4
 7379788, 1
 7380081, 1
 7380726, 1
 7380727, 1
 7381949, 1
 7385241, 6
 7385243, 10
 7386522, 1
 7386718, 1
 7386727, 1
 7386886, 1
 7389606, 7
 7389607, 7
 7392363, 1
 7395463, 1
 7396959, 1
 7397779, 1
 7399229, 4
 7399230, 4
 7403594, 1

#Genome 82
Core
 7378144, 1
 7379139, 1
 7380166, 1

Accessory
 7379550, 7
 7384394, 1
 7385046, 1
 7390737, 1
 7390973, 5
 7390975, 5
 7403258, 1

#Genome 83
Core
 7378092, 1
 7379139, 1
 7380166, 1

Accessory
 7374916, 1
 7377084, 1
 7378621, 1
 7378849, 1
 7379550, 4
 7379551, 1
 7382175, 1
 7385277, 1
 7385325, 1
 7403324, 1
