#Genomes with additional copies compared to other genomes
#Homology group identifier, number of additional copies compared to the lowest number in a homology group (at least 1).

#Genome 1
Core

Accessory
 5121286, 1
 5121289, 1
 5121290, 1
 5121292, 1
 5121293, 1
 5121297, 1
 5121298, 1
 5121299, 1
 5121300, 1
 5121303, 1
 5121305, 1
 5121306, 1
 5121315, 1
 5121316, 1
 5122241, 1
 5122243, 1
 5122244, 1
 5122245, 1
 5122249, 1
 5122377, 1
 5123291, 1
 5123369, 1
 5123617, 1
 5124166, 1
 5124347, 1
 5124348, 1

#Genome 2
Core

Accessory
 5128477, 1

#Genome 3
Core

Accessory
 5122790, 1
 5124347, 1
 5124348, 1
 5129318, 1

#Genome 4
Core

Accessory
 5121559, 1
 5123036, 1
 5124022, 1
 5124073, 1
 5124161, 1
 5124347, 1
 5124348, 1
 5124828, 1
 5129929, 2
 5129939, 1

#Genome 5
Core

Accessory
 5121316, 1
 5122081, 1
 5122960, 1
 5123478, 1
 5123571, 1
 5124347, 1
 5124348, 1
 5130162, 1
 5130321, 1
 5130641, 1
 5130653, 1
 5130654, 1
 5130655, 1
 5130656, 1
 5130657, 1
 5130658, 1
 5130659, 1
 5130660, 1
 5130661, 1
 5130662, 1

#Genome 6
Core

Accessory
 5121559, 1
 5123036, 1
 5123657, 1
 5124161, 2
 5124347, 1
 5124348, 1
 5125136, 1
 5125956, 2
 5125960, 2
 5129939, 4
 5130814, 5
 5130816, 5
 5130851, 1
 5130852, 1
 5130854, 1
 5130855, 2
 5130856, 1
 5130857, 2
 5130858, 1
 5130859, 1
 5130860, 1
 5130935, 1
 5131011, 1

#Genome 7
Core

Accessory
 5121585, 1
 5121661, 1
 5121822, 1
 5121878, 1
 5122669, 1
 5122683, 1
 5123011, 1
 5123015, 2
 5123370, 1
 5123384, 1
 5123452, 1
 5123816, 1
 5123965, 1
 5124139, 1
 5124156, 2
 5124157, 2
 5124172, 1
 5124247, 1
 5124262, 1
 5124347, 1
 5124348, 1
 5124721, 1
 5124764, 1
 5124765, 1
 5125156, 1
 5125404, 1
 5125790, 1
 5130162, 1
 5130564, 1
 5130565, 1
 5131015, 1
 5131016, 1
 5131037, 1
 5131539, 3
 5131540, 2
 5131615, 1
 5131616, 1
 5131729, 1
 5131731, 1
 5131732, 2
 5132068, 1

#Genome 8
Core

Accessory
 5121703, 1
 5122376, 1
 5122960, 1
 5123554, 1
 5124347, 1
 5124348, 1
 5132195, 1

#Genome 9
Core

Accessory
 5122376, 1
 5122960, 1
 5123459, 1
 5123462, 1
 5123548, 1
 5124247, 1
 5124347, 1
 5124348, 1
 5130814, 12
 5130816, 12
 5131782, 1
 5132442, 1
 5132443, 1
 5132444, 1
 5132445, 1
 5132446, 1
 5132447, 1
 5132448, 1
 5132449, 1
 5132450, 1
 5132451, 1
 5132452, 1
 5132453, 1
 5132454, 1
 5132705, 1

#Genome 10
Core

Accessory
 5121309, 1
 5122188, 1
 5124347, 1
 5124348, 1
 5129939, 1
 5130117, 1

#Genome 11
Core

Accessory
 5133566, 1
 5133887, 12
 5133888, 6
 5133889, 6
 5133996, 1
 5135747, 1
 5135748, 1

#Genome 12
Core

Accessory
 5134120, 1
 5135500, 1
 5135747, 1
 5135993, 6
 5137150, 2
 5137267, 1

#Genome 13
Core

Accessory
 5121851, 1
 5121984, 1
 5124347, 1
 5124348, 1
 5129318, 1

#Genome 14
Core

Accessory
 5123426, 1
 5137773, 1

#Genome 15
Core

Accessory
 5121986, 1
 5122130, 1
 5122137, 1
 5122196, 1
 5124347, 1
 5124348, 1
 5130163, 1
 5130675, 1

#Genome 16
Core

Accessory
 5122377, 1
 5122960, 1
 5123007, 1
 5124347, 1
 5124348, 1

#Genome 17
Core

Accessory
 5122960, 1
 5124347, 1
 5124348, 1
 5124634, 1
 5125363, 1
 5125586, 1
 5125906, 1
 5130814, 5
 5130816, 7
 5132544, 1
 5139163, 1
 5139438, 2

#Genome 18
Core

Accessory
 5123426, 1
 5123674, 1
 5125586, 1
 5137773, 1

#Genome 19
Core

Accessory
 5121316, 1
 5122081, 1
 5122960, 1
 5123192, 1
 5123478, 1
 5124347, 1
 5124348, 1
 5130162, 1
 5130321, 1
 5131093, 1
 5132252, 1

#Genome 20
Core

Accessory
 5124347, 1
 5124348, 1
 5129364, 1
 5137586, 1

#Genome 21
Core

Accessory
 5121731, 1
 5121779, 1
 5122960, 1
 5123426, 1
 5132070, 1
 5137815, 1

#Genome 22
Core

Accessory
 5122761, 1
 5122960, 1
 5123522, 1
 5124347, 1
 5124348, 1
 5138665, 1

#Genome 23
Core

Accessory
 5122035, 1
 5122375, 1
 5122376, 1
 5122637, 1
 5122841, 1
 5122843, 1
 5122960, 1
 5123550, 1
 5124347, 1
 5124348, 1
 5124634, 1
 5125414, 1
 5125818, 1
 5129702, 1
 5130814, 7
 5130816, 7

#Genome 24
Core

Accessory
 5121337, 1
 5122366, 1
 5122960, 1
 5123367, 1
 5124082, 1
 5124347, 1
 5124348, 1
 5129434, 1
 5129462, 1

#Genome 25
Core

Accessory
 5122505, 1
 5122960, 1
 5124215, 1
 5124347, 1
 5124348, 1
 5124421, 1
 5124891, 1
 5139798, 1

#Genome 26
Core

Accessory
 5128477, 1

#Genome 27
Core

Accessory
 5121316, 1
 5122081, 1
 5122960, 1
 5123478, 1
 5124169, 1
 5124347, 1
 5124348, 1
 5124421, 1
 5124737, 1
 5125207, 1
 5129877, 1
 5129878, 1
 5129879, 1
 5129886, 1
 5129887, 1
 5129889, 1
 5129929, 1
 5130162, 1
 5130321, 1
 5130449, 1
 5130457, 1
 5130459, 1
 5130460, 1
 5131244, 1
 5131620, 1
 5139160, 1
 5141560, 1
 5141563, 1

#Genome 28
Core

Accessory
 5121309, 1
 5122188, 1
 5124347, 1
 5124348, 1
 5129939, 1
 5130117, 1

#Genome 29
Core

Accessory
 5121559, 1
 5121637, 1
 5121708, 1
 5122960, 1
 5122993, 2
 5122995, 2
 5123006, 1
 5123007, 2
 5123013, 2
 5123162, 1
 5124090, 1
 5124150, 2
 5124172, 2
 5124176, 1
 5124190, 1
 5124191, 2
 5124262, 1
 5124347, 1
 5124348, 1
 5125148, 1
 5125780, 1
 5125821, 1
 5125906, 1
 5129478, 1
 5130448, 1
 5130814, 6
 5130816, 7
 5130932, 1
 5131046, 1
 5131061, 1
 5131068, 1
 5131072, 1
 5131074, 1
 5131076, 1
 5131077, 1
 5131078, 1
 5131080, 1
 5131082, 1
 5131083, 1
 5131088, 1
 5131089, 1
 5131090, 1
 5131092, 1
 5131142, 1
 5131488, 1
 5131620, 1
 5131737, 1
 5131739, 1
 5131909, 1
 5131925, 1
 5131930, 1
 5131944, 1
 5131977, 1
 5131984, 1
 5131985, 1
 5132026, 2
 5132027, 1
 5132034, 1
 5132035, 1
 5132038, 1
 5132039, 1
 5132040, 1
 5132041, 1
 5132236, 2
 5132239, 1
 5132240, 1
 5132275, 1
 5132944, 1
 5139064, 1
 5139163, 1
 5139167, 1
 5139169, 1
 5139170, 1
 5139171, 1
 5139172, 1
 5139317, 1
 5139333, 1
 5139407, 1
 5139408, 1
 5139463, 1
 5140941, 1
 5140944, 1
 5141193, 1
 5141599, 1
 5141600, 1
 5141741, 1
 5141742, 1
 5141748, 1
 5141751, 1
 5141770, 1
 5141785, 1
 5141794, 1
 5141801, 2
 5141802, 1
 5141839, 1

#Genome 30
Core

Accessory
 5121665, 1
 5121740, 1
 5121889, 1
 5121919, 1
 5122036, 1
 5122276, 1
 5122365, 1
 5122366, 1
 5122420, 1
 5122421, 1
 5122488, 1
 5122776, 1
 5123045, 1
 5123163, 1
 5123240, 1
 5123242, 1
 5123343, 1
 5123398, 1
 5123460, 1
 5123467, 1
 5123480, 1
 5123494, 1
 5123520, 1
 5123562, 1
 5123584, 1
 5123588, 1
 5123614, 1
 5123661, 1
 5123683, 1
 5123787, 1
 5124045, 1
 5124252, 1
 5124347, 1
 5124348, 1
 5124421, 1
 5124578, 1
 5124796, 1
 5124845, 1
 5124860, 1
 5124882, 1
 5124895, 1
 5125045, 1
 5129331, 1
 5129583, 1
 5129804, 1
 5130175, 1
 5130176, 1
 5130962, 1
 5132142, 1
 5137627, 1
 5139821, 1

#Genome 31
Core

Accessory
 5121559, 1
 5121708, 1
 5123031, 1
 5124161, 1
 5124345, 1
 5124347, 1
 5124348, 1
 5124568, 1
 5125956, 1
 5125961, 1
 5129939, 5
 5130814, 5
 5130816, 5
 5130852, 1
 5130855, 1
 5130857, 1
 5130935, 1
 5130970, 1
 5131011, 1
 5131376, 1

#Genome 32
Core

Accessory
 5126235, 1
 5126705, 1
 5126818, 1
 5127377, 1
 5127495, 1
 5127613, 1
 5128283, 1
 5142413, 1
 5142842, 1
 5142903, 1
 5143164, 1
 5143285, 1

#Genome 33
Core

Accessory
 5133890, 17
 5135121, 1
 5135703, 1
 5136759, 30

#Genome 34
Core

Accessory
 5121309, 1
 5121665, 1
 5121709, 1
 5122188, 1
 5122235, 1
 5122575, 1
 5124347, 1
 5124348, 1
 5124421, 1
 5125402, 1
 5129939, 3
 5130163, 1
 5130814, 2
 5130816, 2
 5140753, 1

#Genome 35
Core

Accessory
 5122188, 1
 5122437, 1
 5122438, 1
 5122960, 1
 5123108, 1
 5123698, 1
 5123753, 1
 5123803, 1
 5123937, 1
 5124347, 1
 5124348, 1
 5125014, 1
 5125633, 1
 5125690, 1
 5129422, 1
 5130363, 1

#Genome 36
Core

Accessory
 5126117, 1
 5127506, 1
 5127709, 1
 5127710, 1
 5128042, 1
 5128108, 1
 5128176, 1
 5128477, 1
 5142381, 1
 5142422, 1
 5142733, 1
 5142942, 1
 5143040, 1
 5143259, 1
 5143356, 1
 5143401, 1
 5143461, 2
 5143669, 1
 5143670, 1
 5143684, 1

#Genome 37
Core

Accessory
 5121309, 1
 5122188, 1
 5124347, 1
 5124348, 1
 5129939, 1

#Genome 38
Core

Accessory
 5123033, 1
 5124262, 1
 5124347, 1
 5124348, 1
 5124556, 1
 5125136, 1
 5139625, 1

#Genome 39
Core

Accessory
 5122960, 1
 5123854, 1
 5123876, 1
 5124045, 1
 5124347, 1
 5124348, 1
 5124764, 1
 5124765, 1
 5130163, 1
 5130363, 1
 5130375, 1

#Genome 40
Core

Accessory
 5121559, 1
 5124117, 1
 5124347, 1
 5124348, 1
 5124828, 1
 5129929, 1
 5129931, 1
 5129939, 1
 5129971, 1
 5129972, 1

#Genome 41
Core

Accessory
 5128477, 1
 5143164, 1

#Genome 42
Core

Accessory
 5121464, 1
 5122960, 1
 5124347, 1
 5124348, 1
 5124421, 1
 5131097, 1
 5131141, 1
 5131142, 1
 5146377, 1
 5146378, 1
 5146395, 1

#Genome 43
Core

Accessory
 5121923, 1
 5122377, 1
 5122667, 1
 5122950, 1
 5122960, 1
 5123007, 1
 5124347, 1
 5124348, 1
 5124741, 1
 5125968, 1
 5130163, 1
 5139118, 1

#Genome 44
Core

Accessory
 5122508, 1
 5122960, 1
 5123162, 1
 5123426, 1
 5124347, 1
 5124348, 1
 5137933, 1
 5137944, 1

#Genome 45
Core

Accessory
 5121316, 1
 5122081, 1
 5122320, 1
 5122955, 1
 5122960, 1
 5123540, 1
 5123968, 1
 5124347, 1
 5124348, 1
 5130321, 1

#Genome 46
Core

Accessory
 5121956, 1
 5122115, 1
 5122960, 1
 5123441, 1
 5124347, 1
 5124348, 1
 5125906, 1
 5130218, 1
 5130457, 1
 5130814, 6
 5130816, 7
 5139163, 1
 5139165, 1
 5139167, 1
 5139168, 1
 5139169, 2
 5139170, 2
 5139171, 2
 5139173, 1
 5139552, 1

#Genome 47
Core

Accessory
 5121343, 1
 5121955, 1
 5122041, 1
 5122960, 1
 5123130, 1
 5123400, 1
 5123514, 1
 5124347, 1
 5124348, 1
 5124711, 1
 5130623, 1
 5146395, 2

#Genome 48
Core

Accessory
 5126622, 1
 5127712, 1
 5127713, 1
 5127716, 1
 5128477, 1

#Genome 49
Core

Accessory
 5121316, 1
 5121610, 1
 5121665, 1
 5123769, 1
 5124347, 1
 5124348, 1
 5130163, 1
 5131846, 1
 5139165, 1

#Genome 50
Core

Accessory
 5122960, 1
 5124347, 1
 5124348, 2
