178282358
55543477
30232111
19925447
14693192
11779717
10029067
8669028
7702098
7024683
6641768
6100125
5705446
5448454
5240753
4943635
4828468
4625171
4476085
4329558
4169713
4064283
3978568
3887911
3787159
3691449
3695018
3605901
3512708
3486694
3407496
3335955
3235602
3246359
3192203
3172262
3155926
3109920
3099328
3041356
2957945
3008987
2951047
2934706
2923958
2905091
2878098
2883803
2824406
2862719
2814911
2868908
2856352
2873103
2882294
2886944
2892414
2922080
2873682
2951242
2984557
2992551
3027643
3025926
3045507
3090809
3064393
3151923
3202979
3282270
3291204
3360618
3437511
3432493
3497621
3592905
3651815
3728260
3807809
3942687
4062570
4191687
4351962
4459312
4713333
4885376
5108622
5435744
5910416
6247311
6838303
7684647
8840468
10400486
12950959
17447674
26142967
46952584
134188295
1927785100
