#Genomes with additional copies compared to other genomes
#Homology group identifier, number of additional copies compared to the lowest number in a homology group (at least 1).

#Genome 1
Core
 2364091, 1
 2364228, 1

Accessory
 2363466, 1
 2363478, 2
 2363564, 1
 2363652, 1
 2363879, 1
 2364388, 1
 2365221, 1
 2365912, 1
 2365999, 1
 2366109, 1

#Genome 2
Core
 2363471, 1
 2364109, 1
 2364448, 1
 2364905, 1
 2365453, 1
 2365792, 1

Accessory
 2363652, 2
 2363654, 3
 2363656, 1
 2363657, 1
 2363661, 1
 2363663, 1
 2363667, 1
 2364003, 1
 2364018, 1
 2364661, 1
 2365031, 1
 2365065, 1
 2365821, 2
 2366435, 1

#Genome 3
Core
 2364507, 1
 2364535, 1
 2364839, 1
 2365464, 1
 2365481, 1

Accessory
 2363151, 2
 2363194, 1
 2363478, 2
 2363652, 1
 2363755, 1
 2365475, 1
 2366470, 1
 2366559, 1

#Genome 4
Core
 2365792, 1

Accessory
 2363481, 1
 2363652, 2
 2363653, 1
 2363657, 1
 2364003, 1
 2364018, 1
 2364661, 1
 2365031, 1
 2365065, 1

#Genome 5
Core

Accessory
 2363198, 1
 2363478, 2
 2363652, 1
 2363666, 1
 2364665, 1
 2365000, 1
 2365025, 1
 2365033, 1
 2365034, 1
 2365221, 1
 2365843, 1
 2366221, 2
 2366327, 1
 2366368, 1
 2366469, 1

#Genome 6
Core
 2364153, 1

Accessory
 2363151, 1
 2363465, 1
 2363652, 2
 2364388, 1

#Genome 7
Core
 2364841, 1
 2365422, 1
 2365697, 2

Accessory
 2363168, 1
 2363478, 2
 2363548, 1
 2363652, 2
 2366765, 1

#Genome 8
Core
 2365792, 1

Accessory
 2363656, 1
 2364003, 1
 2364018, 1
 2364661, 1
 2365031, 1
 2365065, 1

#Genome 9
Core
 2363950, 1

Accessory
 2363147, 1
 2363151, 1
 2363168, 1
 2363478, 2
 2363652, 3
 2364388, 1
 2365221, 1

#Genome 10
Core
 2363088, 1
 2365789, 1
 2365884, 1

Accessory
 2363044, 1
 2363182, 1
 2363401, 1
 2363478, 2
 2366221, 2
 2366574, 1
 2366787, 1

#Genome 11
Core
 2365792, 1

Accessory
 2363652, 3
 2363654, 3
 2363656, 2
 2363657, 2
 2363663, 1
 2363722, 1
 2364003, 1
 2364018, 1
 2364661, 1
 2365031, 1
 2365065, 1

#Genome 12
Core
 2365792, 1

Accessory
 2363479, 1
 2363654, 1
 2363656, 1
 2363657, 1
 2364003, 1
 2364018, 1
 2364661, 1
 2365031, 1
 2365065, 1
 2365221, 1
 2365370, 1

#Genome 13
Core

Accessory
 2363151, 3
 2363153, 2
 2363652, 5
 2363654, 2
 2364110, 1
 2364394, 1
 2365221, 1
 2365673, 1
 2365847, 1
 2365917, 1
 2365967, 2
 2365982, 1
 2365991, 1
 2366081, 1
 2366233, 1
 2366735, 1
 2366736, 1
 2366866, 1
 2366987, 1
 2366991, 1

#Genome 14
Core
 2363109, 1
 2364151, 1
 2364446, 1
 2364507, 1
 2364816, 1

Accessory
 2363652, 1
 2364048, 1
 2364998, 3
 2365023, 1
 2365031, 1
 2366166, 1
 2366221, 2

#Genome 15
Core
 2364356, 1
 2364480, 1
 2365523, 1
 2365678, 1
 2365799, 1

Accessory
 2363151, 1
 2363478, 2
 2363652, 2
 2364110, 1
 2364394, 1
 2365673, 1
 2366991, 1
 2367120, 1
 2367121, 1

#Genome 16
Core

Accessory
 2363478, 2
 2363510, 1
 2363661, 2
 2367153, 2
 2367155, 2
 2367206, 1
 2367213, 1
 2367289, 1

#Genome 17
Core
 2364808, 1
 2364968, 1

Accessory
 2363151, 1
 2363160, 3
 2363478, 1
 2363652, 1
 2363878, 1
 2364387, 1
 2364388, 1
 2364587, 1
 2365221, 1

#Genome 18
Core
 2365792, 1

Accessory
 2363656, 1
 2364003, 2
 2364018, 1
 2364661, 1
 2365031, 1
 2365065, 1

#Genome 19
Core
 2365792, 1

Accessory
 2363652, 2
 2363657, 1
 2364003, 1
 2364018, 1
 2364661, 1
 2365031, 1
 2365065, 1

#Genome 20
Core
 2365792, 1

Accessory
 2363479, 1
 2363652, 2
 2363654, 1
 2363657, 1
 2364003, 1
 2364018, 1
 2364661, 1
 2365031, 1
 2365065, 1

#Genome 21
Core
 2365792, 1

Accessory
 2363156, 1
 2363652, 2
 2363654, 1
 2363656, 1
 2363657, 1
 2364003, 1
 2364018, 1
 2364661, 1
 2365031, 1
 2365065, 1
 2366144, 1

#Genome 22
Core

Accessory
 2363478, 2
 2363690, 1
 2364665, 1
 2365000, 1
 2365033, 1
 2365034, 1
 2365146, 1
 2365221, 1
 2366221, 2
 2366327, 1
 2366469, 1
 2366475, 1

#Genome 23
Core

Accessory
 2363478, 2
 2363673, 2
 2363690, 1
 2364974, 1
 2364998, 1
 2365000, 1
 2365025, 1
 2365033, 1
 2365034, 1
 2366221, 2
 2366327, 1
 2366469, 1
 2366586, 1

#Genome 24
Core
 2365792, 1

Accessory
 2363652, 1
 2363653, 1
 2363656, 1
 2363657, 1
 2364003, 1
 2364018, 1
 2364661, 1
 2365031, 1
 2365065, 1

#Genome 25
Core
 2365792, 1

Accessory
 2363652, 4
 2363654, 1
 2363657, 1
 2363663, 1
 2363767, 1
 2364003, 1
 2364018, 1
 2364661, 1
 2365006, 2
 2365089, 1
 2365099, 1
 2365888, 1
 2366077, 1
 2366227, 1

#Genome 26
Core

Accessory
 2363652, 3
 2363664, 2
 2364998, 4
 2365023, 1
 2365031, 2
 2367515, 1

#Genome 27
Core
 2365678, 1

Accessory
 2363393, 2
 2363478, 2
 2363652, 2
 2364110, 1
 2364394, 1
 2364587, 1
 2365261, 1
 2365492, 1
 2365673, 1
 2366888, 1
 2366991, 1
 2367107, 1

#Genome 28
Core
 2363109, 1
 2364091, 1
 2364535, 1
 2364816, 1
 2364964, 1
 2365268, 1
 2365301, 1
 2365697, 1

Accessory
 2363151, 2
 2363153, 2
 2363168, 1
 2363221, 1
 2363281, 1
 2363393, 1
 2363652, 2
 2363711, 1
 2364111, 1
 2364504, 1
 2364566, 1
 2364782, 1
 2364797, 1
 2364800, 1
 2365221, 2
 2366545, 1
 2366550, 1

#Genome 29
Core
 2365792, 1

Accessory
 2363156, 1
 2363656, 1
 2364003, 1
 2364018, 1
 2364661, 1
 2365031, 1
 2365065, 1

#Genome 30
Core
 2363109, 2
 2363471, 1
 2363558, 1
 2363907, 1
 2364120, 1
 2364445, 1
 2364908, 1
 2365174, 1
 2365205, 1
 2365307, 1
 2365343, 1
 2365417, 1
 2365697, 1

Accessory
 2363044, 1
 2363151, 1
 2363160, 1
 2363394, 1
 2363467, 1
 2363478, 2
 2363652, 1
 2364048, 2
 2364369, 1
 2364412, 1
 2364504, 1
 2366347, 1
 2366688, 1
 2366857, 1
 2367107, 1
 2367138, 1

#Genome 31
Core

Accessory
 2363478, 2
 2363652, 1
 2363666, 1
 2364665, 1
 2364998, 1
 2365000, 1
 2365025, 1
 2365033, 1
 2365034, 1
 2365221, 1
 2365843, 1
 2366221, 2
 2366368, 1
 2366469, 1

#Genome 32
Core
 2365697, 1

Accessory
 2363151, 2
 2363478, 2
 2363652, 1
 2364388, 1
 2364670, 1
 2364974, 1
 2365221, 1
 2366221, 2
 2366614, 1
 2366736, 1

#Genome 33
Core
 2363109, 1
 2364507, 1

Accessory
 2363652, 1
 2364048, 1
 2364998, 3
 2365023, 1
 2365031, 1
 2366166, 1
 2366221, 2

#Genome 34
Core
 2365789, 1

Accessory
 2363147, 1
 2363151, 1
 2363163, 1
 2363168, 1
 2363498, 1
 2363652, 2
 2364388, 1
 2365221, 1

#Genome 35
Core

Accessory
 2363151, 2
 2363478, 2
 2363673, 1
 2363774, 1
 2364110, 1
 2364975, 1
 2365221, 1
 2365847, 1
 2365991, 1
 2366071, 1
 2366081, 1
 2366221, 1
 2366888, 1
 2366987, 1

#Genome 36
Core
 2365792, 1

Accessory
 2363652, 1
 2363654, 1
 2363657, 1
 2364003, 1
 2364018, 1
 2364661, 1
 2365031, 1
 2365065, 1

#Genome 37
Core
 2363109, 2
 2364091, 1
 2364443, 1
 2364844, 1
 2364964, 1
 2365163, 1
 2365268, 1
 2365301, 1

Accessory
 2363151, 3
 2363153, 2
 2363260, 2
 2363652, 3
 2363664, 1
 2363744, 1
 2364782, 1
 2366010, 1
 2367155, 1
 2367213, 1

#Genome 38
Core

Accessory
 2363478, 2
 2363652, 2
 2364665, 1
 2365000, 1
 2365025, 1
 2365033, 1
 2365034, 1
 2365221, 1
 2365843, 1
 2366221, 2
 2366368, 1
 2366469, 1

#Genome 39
Core
 2364507, 1

Accessory
 2363149, 1
 2363168, 1
 2363478, 2
 2363652, 1
 2363727, 1
 2364388, 1
 2364394, 1
 2364974, 1
 2365069, 1
 2365072, 1
 2365077, 1
 2365082, 1
 2365086, 1
 2365116, 1
 2365120, 1
 2365121, 1
 2365124, 1
 2365126, 1
 2365127, 1
 2365129, 1
 2365131, 1
 2365133, 1
 2365137, 1
 2365138, 1
 2365149, 1
 2365150, 1
 2365221, 1
 2366221, 2
 2367420, 1

#Genome 40
Core
 2364938, 1
 2365464, 1

Accessory
 2363151, 2
 2363478, 2
 2363652, 2
 2364234, 1
 2364566, 1
 2364661, 1
 2366043, 1
 2366221, 2

#Genome 41
Core
 2365153, 1
 2365792, 1

Accessory
 2363656, 1
 2364003, 1
 2364018, 1
 2364661, 1
 2365031, 1
 2365065, 1
 2365127, 2
 2365129, 1
 2365134, 1
 2365137, 2
 2365138, 2
 2365148, 1
 2365150, 1
 2366177, 2

#Genome 42
Core
 2364808, 1
 2365422, 1
 2365826, 1

Accessory
 2363044, 2
 2363151, 1
 2363478, 2
 2363652, 2
 2364387, 1
 2364388, 1
 2364587, 1
 2365221, 1
 2365857, 1
 2365888, 1

#Genome 43
Core
 2365642, 1
 2365789, 2
 2365811, 1

Accessory
 2363478, 2
 2363661, 1
 2363672, 1
 2363690, 1
 2364018, 1
 2364665, 1
 2365000, 1
 2365033, 1
 2365034, 1
 2365221, 1
 2365857, 1
 2366221, 2
 2366469, 1
 2366475, 1

#Genome 44
Core
 2364091, 1

Accessory
 2363151, 2
 2363652, 4
 2364368, 1
 2365956, 1
 2365991, 2
 2366368, 1
 2366433, 1
 2366714, 1

#Genome 45
Core
 2364535, 1
 2365697, 1

Accessory
 2363160, 1
 2363393, 1
 2363478, 2
 2363652, 2
 2364048, 1
 2364220, 1
 2364387, 1
 2364388, 1
 2364394, 1
 2364566, 1
 2364587, 1
 2364998, 1
 2365071, 1
 2365072, 2
 2365073, 2
 2365077, 2
 2365082, 2
 2365086, 2
 2365087, 2
 2365116, 2
 2365118, 2
 2365120, 2
 2365121, 2
 2365122, 2
 2365124, 2
 2365126, 2
 2365127, 2
 2365128, 2
 2365131, 2
 2365133, 2
 2365135, 2
 2365137, 2
 2365138, 2
 2365221, 1
 2366177, 2
 2366178, 2
 2366179, 2
 2366180, 2
 2366181, 2
 2366182, 2
 2366183, 2
 2367420, 2
 2367752, 1
 2367754, 1
 2367757, 2
 2367759, 2
 2367760, 2
 2367761, 2
 2367762, 2
 2367763, 2
 2367764, 2
 2367765, 2
 2367766, 2
 2367768, 2
 2367769, 2
 2367771, 2
 2367989, 2
 2367990, 2
 2367991, 1

#Genome 46
Core
 2365792, 1

Accessory
 2363652, 3
 2363654, 2
 2363656, 1
 2363657, 1
 2363663, 1
 2364003, 1
 2364018, 1
 2364661, 1
 2365031, 1
 2365065, 1

#Genome 47
Core

Accessory
 2363151, 1
 2363478, 2
 2363537, 1
 2363652, 2
 2363656, 1
 2363681, 1
 2364234, 1
 2364566, 1
 2364659, 1
 2365068, 1
 2365069, 1
 2365072, 1
 2365073, 1
 2365082, 1
 2365086, 1
 2365088, 1
 2365089, 1
 2365090, 1
 2365091, 1
 2365092, 1
 2365094, 1
 2365095, 1
 2365096, 1
 2365097, 1
 2365098, 1
 2365099, 1
 2365101, 1
 2365102, 1
 2365106, 1
 2365109, 1
 2365110, 1
 2365111, 1
 2365112, 1
 2365113, 1
 2365114, 1
 2365115, 1
 2365116, 1
 2365118, 1
 2365120, 1
 2365121, 1
 2365122, 1
 2365124, 1
 2365126, 1
 2365127, 1
 2365128, 1
 2365132, 1
 2365133, 1
 2365134, 1
 2365137, 1
 2365138, 1
 2365139, 1
 2365140, 1
 2365141, 1
 2365142, 1
 2365145, 1
 2365146, 1
 2365149, 1
 2365150, 1
 2366135, 1
 2366185, 1
 2366221, 2
 2366307, 1
 2366379, 1
 2367420, 1
 2367849, 1

#Genome 48
Core

Accessory
 2363151, 1
 2363221, 1
 2363478, 1
 2363652, 3
 2364234, 1
 2364566, 1
 2364587, 1
 2364661, 1
 2365857, 1
 2365983, 1
 2366135, 1
 2366221, 1
 2366307, 1
 2366357, 1
 2366715, 1
 2366716, 1
 2366717, 1
 2366718, 1
 2366719, 1
 2366724, 1

#Genome 49
Core
 2363608, 1
 2363613, 1
 2365879, 1

Accessory
 2363478, 2
 2363652, 2
 2364368, 1
 2365934, 1
 2365991, 1
 2366433, 1
 2366435, 1
 2366991, 1

#Genome 50
Core
 2365884, 1

Accessory
 2363044, 1
 2363478, 2
 2363652, 2
 2364366, 1
 2366221, 2
 2366574, 1
 2366784, 1

#Genome 51
Core
 2364535, 1

Accessory
 2363151, 2
 2363652, 2
 2364388, 1
 2364394, 1
 2364974, 1
 2365221, 1

#Genome 52
Core
 2365792, 1

Accessory
 2363652, 1
 2363654, 2
 2363656, 1
 2363657, 2
 2363661, 2
 2364003, 1
 2364018, 1
 2364661, 1
 2364974, 1
 2365031, 1
 2365065, 1

#Genome 53
Core
 2363950, 1

Accessory
 2363160, 2
 2363393, 2
 2363478, 2
 2363652, 2
 2364388, 1
 2364587, 1
 2365221, 1
 2365356, 1
 2366760, 1

#Genome 54
Core

Accessory
 2363478, 2
 2363652, 1
 2363679, 1
 2364665, 1
 2364999, 1
 2365000, 1
 2365025, 1
 2365033, 1
 2365034, 1
 2365221, 1
 2365843, 1
 2366221, 2
 2366368, 1
 2366469, 1

#Genome 55
Core
 2365884, 1

Accessory
 2363044, 1
 2363182, 1
 2363478, 2
 2363652, 2
 2364366, 1
 2365567, 1
 2366221, 2
 2366306, 1
 2366574, 1
 2366784, 1
 2366816, 1
 2366817, 1

#Genome 56
Core
 2363047, 1
 2363583, 1
 2364507, 1
 2365054, 1
 2365153, 1

Accessory
 2363154, 2
 2363516, 1
 2363548, 1
 2363652, 2
 2366166, 1
 2366291, 3
 2366368, 1
 2366475, 1
 2368164, 1

#Genome 57
Core
 2365792, 1

Accessory
 2363652, 1
 2363654, 2
 2363657, 2
 2363661, 2
 2363666, 1
 2363722, 1
 2364003, 1
 2364018, 1
 2364661, 1
 2365031, 1
 2365065, 1

#Genome 58
Core
 2365792, 1

Accessory
 2363652, 2
 2363653, 1
 2363654, 1
 2363656, 1
 2363657, 1
 2364003, 1
 2364018, 1
 2364661, 1
 2365031, 1
 2365065, 1

#Genome 59
Core
 2365792, 1

Accessory
 2363652, 3
 2363654, 2
 2363657, 2
 2363722, 1
 2364003, 1
 2364018, 1
 2364661, 1
 2365099, 1
 2365888, 1
 2366077, 1
 2366227, 1

#Genome 60
Core
 2363109, 1
 2363559, 1
 2364816, 1
 2364964, 1
 2365268, 1
 2365301, 1

Accessory
 2363151, 2
 2363652, 1
 2363655, 1
 2364111, 1
 2364689, 1
 2365673, 1

#Genome 61
Core

Accessory
 2363478, 2
 2363652, 3
 2364587, 1
 2365915, 1
 2365922, 1
 2365965, 1
 2365966, 1
 2365983, 1
 2365991, 2
 2365997, 1
 2365999, 1
 2366010, 1
 2366059, 1
 2366062, 1
 2366072, 2
 2366127, 1
 2366425, 1
 2366884, 1
 2366885, 1
 2366936, 1
 2366990, 1
 2366991, 1
 2367013, 1
 2367289, 1
 2367363, 1
 2367679, 1
 2368418, 1
 2368423, 1

#Genome 62
Core
 2365678, 1

Accessory
 2363478, 2
 2363652, 3
 2364110, 1
 2365673, 1
 2365903, 1
 2365907, 1
 2366982, 1
 2366983, 1

#Genome 63
Core
 2365792, 1

Accessory
 2363653, 1
 2363657, 1
 2364003, 1
 2364018, 1
 2364661, 1
 2365031, 1
 2365065, 1

#Genome 64
Core

Accessory
 2363049, 1
 2363478, 2
 2363661, 2
 2364665, 1
 2365000, 1
 2365033, 1
 2365034, 1
 2365146, 1
 2365221, 1
 2366221, 2
 2366469, 1
 2366472, 1
 2366475, 1

#Genome 65
Core

Accessory
 2363149, 1
 2363151, 1
 2363160, 1
 2363652, 1
 2363656, 3
 2363681, 3
 2364387, 1
 2364388, 1
 2364587, 1
 2365069, 3
 2365072, 3
 2365073, 3
 2365077, 1
 2365082, 1
 2365086, 1
 2365087, 2
 2365116, 3
 2365118, 3
 2365120, 3
 2365121, 3
 2365122, 3
 2365124, 3
 2365126, 3
 2365127, 3
 2365129, 3
 2365131, 3
 2365133, 3
 2365135, 3
 2365137, 3
 2365138, 3
 2365146, 3
 2365149, 3
 2365150, 3
 2365221, 1
 2365857, 1
 2366177, 2
 2366178, 2
 2366179, 2
 2366180, 2
 2366181, 2
 2366182, 2
 2366183, 2
 2367420, 1
 2367752, 1
 2367754, 2
 2367757, 2
 2367758, 2
 2367759, 2
 2367760, 2
 2367761, 2
 2367762, 2
 2367763, 2
 2367764, 2
 2367765, 2
 2367766, 2
 2367768, 2
 2367769, 2
 2367771, 2
 2367790, 1
 2367791, 1
 2367900, 1

#Genome 66
Core

Accessory
 2363151, 1
 2363221, 1
 2363478, 1
 2363652, 3
 2364234, 1
 2364566, 1
 2364587, 1
 2364661, 1
 2365857, 1
 2365983, 1
 2366061, 1
 2366135, 1
 2366221, 2
 2366307, 1
 2366357, 1
 2366715, 1
 2366716, 1
 2366717, 1
 2366718, 1
 2366719, 1
 2366724, 1

#Genome 67
Core
 2363638, 1
 2364507, 1
 2364753, 1
 2365697, 1

Accessory
 2363478, 1
 2363652, 2
 2364000, 1
 2364111, 1
 2364361, 1
 2364665, 1
 2364889, 1
 2365001, 1
 2365002, 1
 2365003, 1
 2365025, 1
 2365033, 1
 2365034, 1
 2365221, 1
 2365475, 1
 2365735, 1
 2365857, 1
 2367798, 1

#Genome 68
Core
 2363109, 1
 2364091, 1
 2364816, 1
 2364964, 1
 2364968, 1
 2365268, 1
 2365301, 1

Accessory
 2363151, 3
 2363168, 1
 2363185, 1
 2363393, 1
 2364111, 1
 2364782, 1
 2365673, 1
 2366736, 1

#Genome 69
Core
 2364507, 1
 2364535, 1
 2364839, 1
 2365481, 1

Accessory
 2363169, 1
 2363478, 2
 2363652, 2
 2365475, 1
 2366470, 1
 2366559, 1

#Genome 70
Core
 2365792, 1

Accessory
 2363653, 1
 2363654, 1
 2363657, 1
 2363667, 1
 2364003, 1
 2364018, 1
 2364661, 1
 2365031, 1
 2365065, 1

#Genome 71
Core
 2365697, 1

Accessory
 2363151, 1
 2363401, 1
 2363652, 1
 2364388, 1
 2364661, 1
 2364974, 1

#Genome 72
Core

Accessory
 2363151, 2
 2363478, 2
 2363652, 2
 2364388, 1

#Genome 73
Core
 2364166, 1

Accessory
 2363478, 2
 2363652, 1
 2363690, 1
 2364063, 1
 2364999, 2
 2365011, 1
 2365025, 1
 2365033, 1
 2365034, 1
 2365221, 1
 2366221, 2
 2366469, 1
 2366470, 1

#Genome 74
Core
 2364507, 1
 2365697, 1

Accessory
 2363478, 1
 2363652, 2
 2364000, 1
 2364111, 1
 2364665, 1
 2364889, 1
 2365001, 1
 2365002, 1
 2365025, 1
 2365033, 1
 2365034, 1
 2365221, 1
 2365475, 1
 2366026, 1
 2367798, 1

#Genome 75
Core
 2365792, 1

Accessory
 2363654, 1
 2364003, 1
 2364018, 1
 2364661, 1
 2365031, 1
 2365065, 1
 2366404, 1

#Genome 76
Core

Accessory
 2363151, 2
 2363160, 1
 2363169, 1
 2363478, 2
 2363681, 4
 2363717, 4
 2363878, 1
 2364388, 1
 2365065, 1
 2365068, 2
 2365069, 4
 2365072, 3
 2365073, 2
 2365077, 2
 2365082, 3
 2365086, 3
 2365087, 3
 2365116, 4
 2365118, 4
 2365120, 4
 2365121, 4
 2365122, 4
 2365124, 4
 2365126, 4
 2365127, 4
 2365128, 4
 2365131, 4
 2365133, 4
 2365134, 4
 2365137, 4
 2365138, 4
 2365139, 3
 2365140, 3
 2365141, 3
 2365142, 3
 2365145, 3
 2365146, 4
 2365149, 4
 2365150, 4
 2365221, 1
 2367420, 3
 2367753, 1
 2367757, 1
 2367758, 1
 2367759, 3
 2367760, 3
 2367761, 3
 2367762, 3
 2367763, 3
 2367764, 3
 2367765, 3
 2367766, 3
 2367767, 3
 2367768, 3
 2367769, 3
 2367771, 3

#Genome 77
Core
 2365697, 1
 2365884, 1

Accessory
 2363393, 1
 2363478, 2
 2363661, 1
 2363737, 1
 2364018, 2
 2364048, 1
 2364366, 2
 2364587, 1
 2364733, 1
 2365094, 1
 2365154, 1
 2366089, 1
 2366234, 1
 2366441, 1
 2366519, 1
 2366936, 1
 2366991, 1
 2367239, 1

#Genome 78
Core

Accessory
 2363151, 1
 2363169, 1
 2363200, 1
 2363652, 3
 2363794, 1
 2364048, 1
 2364877, 2
 2365031, 1
 2365154, 1
 2365475, 1
 2366267, 1
 2366502, 1
 2367199, 1

#Genome 79
Core
 2365792, 1

Accessory
 2363656, 1
 2364003, 1
 2364018, 1
 2364661, 1
 2365031, 1
 2365065, 1

#Genome 80
Core
 2364194, 1
 2364195, 1
 2364925, 1
 2365792, 1

Accessory
 2363652, 4
 2363653, 1
 2363654, 2
 2363657, 1
 2363663, 1
 2364003, 1
 2364018, 1
 2364139, 1
 2364661, 1
 2365099, 1
 2365758, 1
 2365759, 1
 2365888, 1
 2366077, 1
 2366227, 1
 2366434, 1

#Genome 81
Core
 2364091, 1
 2364109, 1
 2364535, 1
 2365697, 1

Accessory
 2363160, 1
 2363478, 2
 2363652, 2
 2364048, 1
 2364220, 1
 2364387, 1
 2364388, 1
 2364394, 1
 2364566, 1
 2364587, 1
 2364740, 1
 2364998, 1
 2365072, 1
 2365073, 1
 2365077, 1
 2365086, 1
 2365087, 1
 2365116, 1
 2365118, 1
 2365120, 1
 2365121, 1
 2365122, 1
 2365124, 1
 2365126, 1
 2365127, 1
 2365128, 1
 2365131, 1
 2365133, 1
 2365135, 1
 2365137, 1
 2365138, 1
 2365221, 1
 2365241, 1
 2366013, 1
 2366177, 1
 2366178, 1
 2366179, 1
 2366180, 1
 2366181, 1
 2366182, 1
 2366183, 1
 2367420, 1
 2367757, 1
 2367759, 1
 2367760, 1
 2367761, 1
 2367762, 1
 2367763, 1
 2367764, 1
 2367765, 1
 2367766, 1
 2367768, 1
 2367769, 1
 2367771, 1
 2367989, 2
 2367990, 1

#Genome 82
Core

Accessory
 2363401, 1
 2363464, 1
 2363652, 1
 2364387, 1
 2364388, 1
 2364974, 1

#Genome 83
Core

Accessory
 2363478, 2
 2363652, 1
 2363690, 1
 2364329, 1
 2364665, 1
 2365000, 1
 2365033, 1
 2365034, 1
 2365221, 1
 2365843, 1
 2366221, 2
 2366368, 1
 2366469, 1

#Genome 84
Core
 2363598, 1
 2365628, 1

Accessory
 2363151, 1
 2363478, 2
 2363652, 2
 2364394, 1
 2364587, 1
 2365221, 1
 2366026, 1

#Genome 85
Core

Accessory
 2363151, 2
 2363478, 2
 2363652, 1
 2364388, 1
 2366736, 1

#Genome 86
Core
 2365435, 1

Accessory
 2363151, 1
 2363478, 2
 2363652, 2
 2364388, 1
 2364974, 1
 2366221, 2

#Genome 87
Core
 2365678, 1

Accessory
 2363478, 2
 2363652, 2
 2364111, 1
 2364234, 1
 2364659, 1
 2365673, 1
 2367107, 1

#Genome 88
Core
 2363950, 1

Accessory
 2363393, 1
 2363478, 2
 2363652, 1
 2364387, 1
 2364388, 1
 2364394, 1
 2364587, 1
 2364737, 2
 2364998, 1
 2365221, 1
 2365357, 1
 2365888, 1
 2365912, 1
 2365950, 1
 2365998, 1
 2366000, 1
 2366012, 1
 2366026, 1
 2366047, 1
 2366048, 1
 2366109, 1
 2366126, 1
 2367363, 1

#Genome 89
Core
 2365422, 1

Accessory
 2363151, 1
 2363579, 1
 2363652, 2
 2363654, 1
 2364998, 3
 2365221, 1
 2366264, 1
 2366267, 1
 2367035, 1
 2367077, 1

#Genome 90
Core

Accessory
 2363690, 1
 2364665, 1
 2365000, 1
 2365033, 1
 2365034, 1
 2365146, 1
 2365221, 1
 2366221, 2
 2366469, 1
 2366475, 1

#Genome 91
Core
 2365884, 1

Accessory
 2363044, 1
 2363478, 2
 2363652, 2
 2364366, 1
 2366221, 2
 2366574, 1
 2366784, 1

#Genome 92
Core
 2364841, 1
 2365826, 1

Accessory
 2363151, 1
 2363478, 2
 2363652, 2
 2364388, 1
 2365221, 1
 2367142, 1

#Genome 93
Core

Accessory
 2363147, 1
 2363168, 1
 2363652, 2
 2363654, 1
 2364388, 1
 2364889, 1
 2365221, 1
 2365404, 1
 2366013, 1
 2367360, 1

#Genome 94
Core
 2363047, 1
 2363918, 1
 2364143, 1
 2364169, 1
 2364439, 1
 2364480, 1
 2364507, 1
 2364842, 1
 2364952, 1
 2365342, 1
 2365422, 1

Accessory
 2363652, 3
 2363991, 1
 2364587, 1
 2364637, 1
 2364998, 3
 2365031, 2
 2365215, 1
 2365284, 1
 2366166, 1
 2367849, 1
 2368898, 1

#Genome 95
Core
 2365792, 1

Accessory
 2363657, 1
 2364003, 1
 2364018, 1
 2364661, 1
 2365006, 1
 2365031, 1
 2365065, 1

#Genome 96
Core

Accessory
 2363478, 2
 2363652, 1
 2363661, 1
 2363690, 1
 2364665, 1
 2364889, 1
 2365221, 1
 2366221, 2
 2366469, 1
 2366472, 1
 2366475, 1
 2366595, 1

#Genome 97
Core
 2363575, 1
 2365792, 1

Accessory
 2363156, 1
 2363652, 1
 2363654, 1
 2363656, 1
 2363657, 2
 2363661, 2
 2363663, 1
 2363722, 1
 2364003, 1
 2364018, 1
 2364661, 1
 2365031, 1
 2365065, 1
 2365731, 1

#Genome 98
Core
 2365792, 1

Accessory
 2363652, 1
 2363653, 1
 2363656, 1
 2363657, 1
 2364003, 1
 2364018, 1
 2364661, 1
 2365006, 1
 2365031, 1
 2365065, 1

#Genome 99
Core
 2365884, 1

Accessory
 2363044, 1
 2363478, 2
 2363652, 2
 2364366, 1
 2366221, 2
 2366574, 1
 2366784, 1

#Genome 100
Core

Accessory
 2363652, 2
 2363664, 1
 2364998, 3
 2365023, 1
 2365031, 1
 2366166, 1
 2366221, 2
 2366285, 1

#Genome 101
Core
 2365792, 1

Accessory
 2363652, 2
 2363657, 1
 2364003, 1
 2364018, 1
 2364661, 1
 2364999, 1
 2365099, 1
 2365888, 1
 2366077, 1
 2366227, 1

#Genome 102
Core
 2365799, 1

Accessory
 2363075, 1
 2363151, 1
 2363478, 2
 2363652, 2
 2364115, 1
 2364387, 1
 2364388, 1
 2364567, 1
 2364889, 1
 2364998, 1
 2365221, 1
 2366379, 1

#Genome 103
Core
 2365884, 1

Accessory
 2363044, 1
 2363478, 2
 2363652, 2
 2364366, 1
 2366221, 2
 2366574, 1
 2366784, 1

#Genome 104
Core
 2363126, 1
 2364009, 1
 2364441, 1
 2364480, 1
 2364603, 1
 2365347, 1
 2365653, 1

Accessory
 2363151, 1
 2363478, 1
 2363491, 1
 2363652, 1
 2363911, 1
 2364998, 1
 2364999, 1
 2365035, 1
 2365578, 1
 2366026, 1
 2366221, 2
 2367604, 1

#Genome 105
Core
 2364153, 1

Accessory
 2363652, 2
 2364388, 1
 2364974, 1
 2366404, 1

#Genome 106
Core

Accessory
 2363478, 2
 2363510, 1
 2363661, 2
 2367153, 2
 2367155, 2
 2367206, 1
 2367213, 1
 2367289, 1

#Genome 107
Core
 2365792, 1

Accessory
 2363156, 1
 2363652, 2
 2363656, 1
 2363657, 1
 2364003, 1
 2364661, 1
 2365031, 1
 2365065, 1

#Genome 108
Core
 2365657, 1
 2365791, 1

Accessory
 2363151, 1
 2363169, 1
 2364018, 1
 2364998, 1

#Genome 109
Core
 2364507, 1
 2365789, 1
 2365884, 1

Accessory
 2363044, 1
 2363182, 1
 2363478, 2
 2366221, 2
 2366574, 1
 2366787, 1

#Genome 110
Core
 2363586, 1
 2363950, 1
 2364925, 1

Accessory
 2363652, 2
 2363664, 2
 2364998, 3
 2365023, 1
 2365031, 1
 2366166, 1

#Genome 111
Core
 2365792, 1

Accessory
 2363654, 1
 2363657, 1
 2363663, 1
 2364003, 1
 2364018, 1
 2364661, 1
 2365031, 1
 2365065, 1

#Genome 112
Core
 2363047, 1
 2364507, 1

Accessory
 2363394, 1
 2363652, 3
 2363711, 1
 2364998, 3
 2365031, 3
 2365043, 1
 2365284, 1
 2366166, 1

#Genome 113
Core

Accessory
 2363393, 2
 2363478, 2
 2363673, 1
 2364388, 1
 2364587, 1
 2364661, 1
 2365109, 1
 2365589, 1
 2366010, 1
 2366012, 1
 2366078, 1
 2366091, 1
 2366227, 1
 2368002, 1

#Genome 114
Core

Accessory
 2363478, 2
 2363673, 1
 2363821, 1
 2364974, 1
 2364998, 1
 2365000, 1
 2365033, 1
 2365052, 1
 2366221, 2
 2366469, 1

#Genome 115
Core
 2364925, 1

Accessory
 2363498, 1
 2363652, 2
 2363911, 1
 2364387, 1
 2364388, 1
 2364689, 1
 2364974, 1
 2365227, 1
 2365901, 1
 2365948, 1
 2366221, 2
 2366731, 1

#Genome 116
Core

Accessory
 2363478, 2
 2363652, 3
 2363911, 1
 2364387, 1
 2364388, 1
 2364974, 1
 2365901, 1
 2365948, 1
 2366221, 2
 2366335, 1
 2368790, 1

#Genome 117
Core

Accessory
 2363652, 1
 2363654, 1
 2364018, 1
 2364998, 3
 2365023, 1
 2365031, 1
 2366264, 1
 2367036, 1

#Genome 118
Core
 2365792, 1

Accessory
 2363654, 1
 2363656, 1
 2363657, 1
 2363663, 1
 2364003, 1
 2364018, 1
 2364661, 1
 2365006, 1
 2365031, 1
 2365065, 1

#Genome 119
Core
 2363109, 1
 2364816, 1
 2364964, 1
 2364968, 1
 2365268, 1
 2365301, 1

Accessory
 2363151, 3
 2363168, 1
 2363185, 1
 2364111, 1
 2364782, 1
 2365673, 1

#Genome 120
Core
 2365792, 1

Accessory
 2363652, 4
 2363654, 2
 2363657, 1
 2363663, 1
 2363834, 1
 2364003, 1
 2364018, 1
 2364661, 1
 2365031, 1
 2365065, 1

#Genome 121
Core
 2365884, 1

Accessory
 2363044, 1
 2363478, 2
 2363652, 2
 2364366, 1
 2365820, 1
 2366221, 2
 2366574, 1

#Genome 122
Core

Accessory
 2363151, 2
 2363478, 2
 2363652, 2
 2363878, 1
 2364587, 1
 2365915, 3
 2365925, 1
 2365978, 4
 2365985, 1
 2365987, 1
 2365989, 1
 2365993, 1
 2366065, 3
 2366069, 1
 2366071, 3
 2366882, 1
 2366884, 1
 2366885, 1
 2366991, 1
 2367001, 1
 2367165, 1
 2367207, 1
 2368418, 1
 2368423, 1
 2368440, 1
 2369129, 1
 2369133, 1

#Genome 123
Core
 2364507, 1

Accessory
 2363478, 2
 2363652, 1
 2363656, 2
 2363681, 2
 2364234, 1
 2365069, 2
 2365072, 2
 2365074, 1
 2365077, 2
 2365082, 2
 2365086, 2
 2365087, 1
 2365118, 1
 2365120, 1
 2365121, 1
 2365126, 1
 2365127, 2
 2365128, 1
 2365132, 2
 2365133, 1
 2365134, 2
 2365137, 2
 2365138, 2
 2365148, 1
 2365149, 2
 2365150, 2
 2365673, 1
 2366135, 1
 2366177, 1
 2366178, 1
 2366179, 1
 2366180, 1
 2366181, 1
 2366182, 1
 2366183, 1
 2366221, 2
 2366307, 1
 2366687, 1
 2367299, 1
 2367420, 2
 2367757, 1
 2367758, 1
 2367759, 1
 2367760, 1
 2367761, 1
 2367762, 1

#Genome 124
Core
 2365212, 1

Accessory
 2363151, 1
 2363478, 2
 2363652, 3
 2364234, 1
 2364566, 1
 2364587, 1
 2364661, 1
 2365857, 1
 2366135, 1
 2366221, 2
 2366357, 1
 2366715, 1
 2366716, 1
 2366717, 1
 2366718, 1
 2366719, 1
 2366724, 1

#Genome 125
Core

Accessory
 2363478, 2
 2363652, 1
 2363690, 1
 2363726, 1
 2364665, 1
 2364889, 1
 2364999, 1
 2365000, 1
 2365033, 1
 2365034, 1
 2365146, 1
 2365221, 1
 2365843, 1
 2366221, 2
 2366223, 1
 2366368, 1
 2366469, 1

#Genome 126
Core

Accessory
 2363478, 2
 2363652, 2
 2364587, 1
 2364661, 1
 2366307, 1
 2367289, 1

#Genome 127
Core
 2364535, 1

Accessory
 2363478, 2
 2363661, 2
 2363690, 1
 2364525, 1
 2364665, 1
 2364999, 1
 2365000, 1
 2365033, 1
 2365034, 1
 2365146, 1
 2365221, 1
 2366221, 2
 2366469, 1
 2366475, 1

#Genome 128
Core
 2365153, 1

Accessory
 2363478, 2
 2363537, 1
 2363652, 1
 2364387, 1
 2364388, 1
 2365221, 1
 2366379, 1
 2366550, 1
 2366954, 1

#Genome 129
Core

Accessory
 2363393, 1
 2363652, 2
 2364998, 3
 2365031, 1
 2366026, 1
 2366264, 1
 2366307, 1
 2367035, 1

#Genome 130
Core
 2364507, 1
 2365789, 1
 2365884, 1

Accessory
 2363044, 1
 2363478, 2
 2366221, 2
 2366574, 1
 2366787, 1

#Genome 131
Core

Accessory
 2363151, 1
 2363654, 1
 2364018, 1
 2364998, 1
 2366227, 1

#Genome 132
Core

Accessory
 2363151, 1
 2363652, 2
 2364388, 1
 2365221, 1
 2365764, 1
 2367142, 1

#Genome 133
Core

Accessory
 2363478, 2
 2363652, 2
 2364388, 1
 2364567, 1
 2364974, 1
 2366221, 1

#Genome 134
Core
 2365792, 1

Accessory
 2363652, 4
 2363654, 2
 2363656, 1
 2363657, 1
 2363663, 2
 2364003, 1
 2364018, 1
 2364661, 1
 2364998, 1
 2365031, 1
 2365065, 1

#Genome 135
Core
 2365792, 1

Accessory
 2363652, 3
 2363654, 2
 2363656, 1
 2363657, 1
 2363663, 1
 2364003, 1
 2364018, 1
 2364661, 1
 2365031, 1
 2365065, 1

#Genome 136
Core

Accessory
 2363151, 2
 2363393, 2
 2363478, 1
 2363652, 2
 2363664, 1
 2364566, 1
 2364658, 1
 2364889, 1
 2365564, 1
 2366291, 1
 2367090, 1
 2369254, 2

#Genome 137
Core
 2364153, 1

Accessory
 2363160, 1
 2363652, 2
 2364388, 1
 2364974, 1
 2365745, 1

#Genome 138
Core

Accessory
 2363151, 2
 2363652, 2
 2364388, 1

#Genome 139
Core
 2365792, 1

Accessory
 2363656, 1
 2363657, 1
 2364003, 1
 2364018, 1
 2364661, 1
 2365031, 1
 2365065, 1

#Genome 140
Core
 2364091, 1
 2364212, 1
 2364445, 1
 2364783, 1
 2364816, 1
 2365205, 1
 2365301, 1
 2365422, 1
 2365787, 1
 2365789, 1

Accessory
 2363393, 1
 2363478, 2
 2363673, 2
 2363681, 2
 2363779, 1
 2364003, 1
 2364057, 1
 2364247, 1
 2364566, 1
 2364587, 1
 2364738, 1
 2364799, 1
 2364806, 1
 2365065, 1
 2365068, 1
 2365070, 1
 2365072, 1
 2365073, 1
 2365077, 1
 2365082, 1
 2365086, 1
 2365087, 1
 2365116, 2
 2365118, 2
 2365120, 2
 2365121, 2
 2365122, 2
 2365124, 2
 2365126, 2
 2365127, 2
 2365128, 2
 2365132, 2
 2365133, 2
 2365134, 2
 2365137, 2
 2365138, 2
 2365146, 1
 2365150, 2
 2365857, 1
 2366177, 1
 2366178, 1
 2366179, 1
 2366180, 1
 2366181, 1
 2366182, 1
 2366183, 1
 2366189, 1
 2366190, 1
 2366192, 3
 2366433, 1
 2366704, 1
 2366728, 1
 2367420, 1
 2367758, 1
 2367759, 1
 2367760, 1
 2367761, 1
 2367762, 1
 2367763, 1
 2367764, 1
 2367765, 1
 2367766, 1
 2367768, 1
 2367769, 1
 2367771, 1
 2369025, 1
 2369106, 1

#Genome 141
Core
 2365884, 1

Accessory
 2363044, 1
 2363478, 2
 2363652, 2
 2364366, 1
 2366221, 2
 2366574, 1
 2366784, 1

#Genome 142
Core
 2363109, 1
 2364964, 1
 2365268, 1
 2365301, 1
 2365466, 1

Accessory
 2363071, 1
 2363151, 1
 2363155, 2
 2363160, 2
 2363537, 1
 2363652, 1
 2363655, 1
 2364387, 1
 2364388, 1
 2364566, 1
 2364587, 1
 2364782, 1
 2365221, 1
 2366379, 1
 2366545, 1
 2366550, 1

#Genome 143
Core
 2365697, 1
 2365792, 1

Accessory
 2363393, 1
 2363478, 2
 2363652, 1
 2363664, 1
 2363878, 2
 2364998, 1
 2365065, 1
 2365127, 1
 2365131, 1
 2365888, 1
 2366221, 2

#Genome 144
Core

Accessory
 2363151, 2
 2363478, 2
 2363652, 2
 2364388, 1

#Genome 145
Core
 2365326, 1

Accessory
 2363151, 3
 2363478, 2
 2363652, 3
 2364388, 1
 2365745, 1
 2366736, 1

#Genome 146
Core

Accessory
 2363478, 2
 2363579, 1
 2363652, 2
 2363654, 1
 2364003, 1
 2364433, 1
 2364875, 1
 2365966, 1
 2365998, 1
 2365999, 1
 2366058, 1
 2366065, 1
 2366936, 1
 2366991, 3
 2367107, 1

#Genome 147
Core
 2364602, 1
 2365313, 1
 2365697, 1

Accessory
 2363151, 1
 2363401, 1
 2363652, 2
 2364388, 1
 2364661, 1
 2364974, 1

#Genome 148
Core
 2365327, 1
 2365427, 1

Accessory
 2363478, 2
 2363717, 1
 2363727, 1
 2363911, 1
 2364394, 1
 2365065, 1
 2365068, 1
 2365069, 1
 2365072, 1
 2365073, 1
 2365077, 1
 2365086, 1
 2365088, 1
 2365089, 1
 2365090, 1
 2365091, 1
 2365092, 1
 2365094, 1
 2365096, 1
 2365099, 1
 2365101, 1
 2365102, 1
 2365107, 1
 2365109, 1
 2365110, 1
 2365111, 1
 2365112, 1
 2365113, 1
 2365114, 1
 2365115, 1
 2365116, 1
 2365118, 1
 2365120, 1
 2365121, 1
 2365122, 1
 2365124, 1
 2365126, 1
 2365127, 3
 2365129, 1
 2365131, 1
 2365133, 1
 2365135, 1
 2365137, 1
 2365138, 1
 2365139, 1
 2365140, 1
 2365141, 1
 2365142, 1
 2365145, 1
 2365148, 1
 2365149, 1
 2365150, 1
 2365673, 1
 2365847, 1
 2365966, 1
 2366068, 1
 2366072, 1
 2366081, 1
 2366185, 1
 2366221, 1
 2366954, 1
 2366987, 1
 2366991, 1
 2367670, 1
 2367676, 1
 2368473, 2

#Genome 149
Core
 2364091, 1
 2364507, 1
 2364808, 1
 2365697, 1

Accessory
 2363243, 1
 2363478, 2
 2363652, 2
 2364000, 1
 2364665, 1
 2364889, 1
 2365001, 1
 2365002, 1
 2365025, 1
 2365033, 1
 2365034, 1
 2365221, 1
 2365475, 1
 2366368, 1
 2367798, 1

#Genome 150
Core
 2363109, 1
 2364816, 1
 2364964, 1
 2364968, 1
 2365301, 1

Accessory
 2363151, 3
 2363185, 1
 2363201, 1
 2363655, 1
 2364111, 1
 2364782, 1
 2364797, 1
 2365673, 1

#Genome 151
Core

Accessory
 2363152, 1
 2363478, 2
 2363652, 4
 2364388, 1
 2364974, 1
 2366404, 1
 2366734, 1

#Genome 152
Core
 2364507, 1
 2364535, 1
 2364839, 1
 2365481, 1

Accessory
 2363151, 1
 2363478, 2
 2363652, 1
 2363755, 1
 2365475, 1
 2366470, 1
 2366559, 1

#Genome 153
Core
 2365792, 1

Accessory
 2363653, 1
 2363654, 1
 2363657, 1
 2364003, 1
 2364018, 1
 2364661, 1
 2364999, 1
 2365099, 1
 2365888, 1
 2366077, 1
 2366227, 1

#Genome 154
Core
 2365884, 1

Accessory
 2363044, 1
 2363478, 2
 2363652, 2
 2364366, 1
 2366221, 2
 2366574, 1
 2366784, 1

#Genome 155
Core
 2364021, 1
 2365792, 1

Accessory
 2363652, 4
 2363654, 2
 2363657, 2
 2363722, 1
 2364003, 1
 2364018, 1
 2364661, 1
 2365099, 1
 2365888, 1
 2366077, 1
 2366227, 1

#Genome 156
Core
 2365792, 1

Accessory
 2363656, 1
 2364003, 1
 2364018, 1
 2364473, 1
 2364661, 1
 2365031, 1
 2365065, 1
 2367893, 1

#Genome 157
Core
 2365678, 1

Accessory
 2363163, 1
 2363235, 1
 2363478, 2
 2363652, 1
 2364368, 1
 2364390, 1
 2364889, 1
 2365241, 1
 2366087, 1
 2366379, 1
 2366433, 1
 2366435, 1
 2366989, 1

#Genome 158
Core
 2363047, 1
 2364535, 1
 2365678, 1

Accessory
 2363393, 1
 2363478, 2
 2363623, 1
 2363652, 2
 2363776, 1
 2364394, 1
 2364587, 1
 2364975, 1
 2365020, 1
 2365521, 1
 2365896, 1
 2365934, 1
 2366109, 1
 2366387, 1
 2366991, 1
 2366992, 1
 2369571, 1
 2369580, 1
 2369585, 1

#Genome 159
Core
 2363583, 1

Accessory
 2363151, 1
 2363169, 1
 2363478, 2
 2363652, 1
 2364587, 1
 2369040, 1

#Genome 160
Core
 2365427, 1

Accessory
 2363151, 1
 2363478, 2
 2363652, 3
 2364587, 2
 2365912, 1
 2365998, 1
 2365999, 1
 2366109, 1
 2366126, 1
 2368790, 1

#Genome 161
Core

Accessory
 2363151, 2
 2363652, 2
 2364388, 1

#Genome 162
Core
 2364258, 1
 2365448, 1
 2365530, 1

Accessory
 2363087, 1
 2363652, 1
 2363664, 1
 2364110, 2
 2364220, 1
 2364998, 1
 2366007, 1
 2366008, 1
 2366010, 1
 2366166, 1

#Genome 163
Core
 2365884, 1

Accessory
 2363044, 1
 2363478, 2
 2363652, 2
 2364366, 1
 2366221, 2
 2366574, 1
 2366784, 1

#Genome 164
Core
 2365464, 1
 2365792, 1

Accessory
 2363158, 1
 2363481, 1
 2363652, 1
 2363654, 1
 2363656, 1
 2363657, 1
 2363663, 1
 2364003, 1
 2364018, 1
 2364661, 1
 2365031, 1
 2365065, 1

#Genome 165
Core
 2365427, 1

Accessory
 2363151, 1
 2363401, 1
 2363478, 2
 2363652, 1
 2364388, 1
 2364974, 1

#Genome 166
Core
 2365792, 1

Accessory
 2363653, 1
 2363654, 1
 2363656, 1
 2363657, 1
 2364003, 1
 2364018, 1
 2364661, 1
 2365031, 1
 2365065, 1

#Genome 167
Core
 2363638, 1
 2364857, 1

Accessory
 2363151, 1
 2363478, 2
 2363652, 2
 2364388, 1

#Genome 168
Core
 2365792, 1

Accessory
 2363652, 3
 2363656, 2
 2363657, 2
 2364003, 1
 2364018, 1
 2364661, 1
 2365031, 1
 2365065, 1

#Genome 169
Core
 2364472, 1
 2364781, 1
 2364783, 2
 2364968, 1
 2364969, 1
 2365268, 1
 2365301, 1
 2365422, 1

Accessory
 2363478, 2
 2363652, 3
 2363664, 1
 2364239, 1
 2365688, 1
 2365745, 1
 2366135, 1
 2366221, 1
 2367849, 1
 2367861, 1

#Genome 170
Core
 2363585, 1
 2364027, 1
 2364228, 1
 2364857, 1

Accessory
 2363075, 1
 2363151, 1
 2363153, 1
 2363443, 1
 2363478, 2
 2363652, 3
 2365221, 1
 2365547, 1
 2365912, 1
 2366026, 1
 2366051, 1
 2366109, 2
 2367825, 1

#Genome 171
Core
 2365422, 1

Accessory
 2363151, 1
 2363478, 2
 2363579, 1
 2363652, 2
 2363654, 1
 2364998, 3
 2365221, 1
 2366264, 1
 2366267, 1
 2367035, 1
 2367077, 1

#Genome 172
Core
 2365792, 1

Accessory
 2363652, 3
 2363654, 2
 2363657, 1
 2363663, 1
 2363712, 1
 2364003, 1
 2364018, 1
 2364661, 1
 2365031, 1
 2365065, 1

#Genome 173
Core

Accessory
 2363478, 2
 2363652, 2
 2364587, 1
 2364661, 1
 2367289, 1

#Genome 174
Core
 2363030, 1

Accessory
 2363478, 2
 2363666, 1
 2364665, 1
 2364998, 1
 2365000, 1
 2365025, 1
 2365033, 1
 2365034, 1
 2365221, 1
 2365843, 1
 2366221, 2
 2366368, 1
 2366469, 1
 2366639, 1

#Genome 175
Core

Accessory
 2363151, 2
 2363478, 2
 2363652, 2
 2364388, 1

#Genome 176
Core

Accessory
 2363478, 2
 2363652, 2
 2364587, 1
 2364661, 1
 2367289, 1
 2367849, 1

#Genome 177
Core
 2365680, 1

Accessory
 2363153, 1
 2363169, 2
 2363204, 1
 2363228, 1
 2363548, 1
 2363652, 1
 2363911, 1
 2364048, 1
 2364110, 1
 2364247, 1
 2364328, 1
 2364388, 1
 2364734, 1
 2364998, 2
 2365221, 1
 2365673, 1
 2365913, 2
 2366161, 1
 2366714, 1
 2366716, 1
 2366926, 1
 2366991, 4
 2366992, 2
 2369145, 1

#Genome 178
Core
 2363950, 1

Accessory
 2363654, 2
 2363777, 1
 2364998, 1
 2366173, 1
 2369239, 1

#Genome 179
Core
 2364488, 1

Accessory
 2363478, 2
 2363652, 1
 2363690, 1
 2364669, 1
 2365000, 1
 2365033, 1
 2365034, 1
 2365221, 1
 2366221, 2
 2366469, 1
 2366475, 2

#Genome 180
Core
 2365884, 1

Accessory
 2363044, 1
 2363478, 1
 2363652, 2
 2364366, 1
 2364412, 1
 2366221, 1
 2366574, 1
 2366784, 1

#Genome 181
Core
 2365283, 1
 2365307, 1
 2365792, 1

Accessory
 2363652, 3
 2363653, 1
 2363654, 3
 2363657, 1
 2363663, 1
 2364003, 1
 2364018, 1
 2364661, 1
 2365031, 1
 2365065, 1

#Genome 182
Core
 2365884, 1

Accessory
 2363044, 1
 2363478, 2
 2363652, 2
 2364366, 1
 2366221, 2
 2366574, 1
 2366784, 1

#Genome 183
Core
 2364039, 1
 2364535, 1

Accessory
 2363393, 1
 2363478, 2
 2363652, 2
 2363654, 1
 2363664, 1
 2363878, 1
 2363946, 1
 2364048, 1
 2364328, 2
 2366010, 1
 2367155, 1

#Genome 184
Core
 2364535, 1
 2365619, 1
 2365697, 1

Accessory
 2363153, 1
 2363478, 2
 2363652, 2
 2363656, 1
 2364387, 1
 2364388, 1
 2364566, 1
 2364974, 1
 2365069, 1
 2365072, 1
 2365073, 1
 2365082, 1
 2365086, 1
 2365118, 1
 2365120, 1
 2365121, 1
 2365126, 1
 2365127, 1
 2365131, 1
 2365133, 1
 2365135, 1
 2365137, 1
 2365138, 1
 2365149, 1
 2366574, 1
 2367420, 1

#Genome 185
Core
 2365884, 1

Accessory
 2363044, 1
 2363478, 2
 2363652, 2
 2364366, 1
 2366221, 2
 2366574, 1

#Genome 186
Core
 2365811, 1
 2365884, 1

Accessory
 2363151, 1
 2363393, 1
 2363478, 2
 2363661, 2
 2364018, 2
 2364048, 1
 2364366, 2
 2364452, 1
 2364587, 1
 2364648, 1
 2364682, 2
 2364974, 1
 2365932, 1
 2365933, 1
 2365984, 1
 2366069, 1
 2366071, 1
 2366089, 1
 2366306, 1
 2366519, 1
 2366559, 1
 2366936, 1
 2366990, 1
 2366991, 2
 2368642, 1
 2368667, 1

#Genome 187
Core

Accessory
 2363151, 2
 2363652, 2
 2364388, 1

#Genome 188
Core
 2365792, 1

Accessory
 2363652, 1
 2363654, 1
 2363657, 1
 2364003, 1
 2364018, 1
 2364661, 1
 2365099, 1
 2365888, 1
 2366077, 1
 2366227, 1

#Genome 189
Core
 2364956, 1
 2365697, 1

Accessory
 2363147, 1
 2363151, 1
 2363168, 1
 2363478, 2
 2363652, 2
 2364388, 1
 2364459, 1
 2365221, 1
 2365360, 1

#Genome 190
Core
 2365792, 1
 2365884, 1

Accessory
 2363652, 3
 2363653, 1
 2363654, 2
 2363657, 3
 2364003, 1
 2364018, 1
 2364661, 1
 2365099, 1
 2365875, 1
 2365888, 1
 2366077, 1
 2366227, 1

#Genome 191
Core
 2363109, 1
 2364091, 1
 2364816, 1
 2364964, 1
 2364968, 1
 2365301, 1

Accessory
 2363151, 2
 2363185, 1
 2363393, 1
 2364111, 1
 2364453, 1
 2365673, 1

#Genome 192
Core

Accessory
 2363153, 1
 2363213, 1
 2363652, 3
 2363661, 1
 2363699, 1
 2363711, 2
 2364003, 1
 2364889, 1
 2365522, 1
 2367107, 1

#Genome 193
Core

Accessory
 2363652, 2
 2363664, 2
 2364998, 3
 2365023, 1
 2365031, 1
 2366166, 1

#Genome 194
Core
 2365792, 1

Accessory
 2363652, 3
 2363654, 1
 2363657, 2
 2363663, 1
 2363722, 1
 2364003, 1
 2364018, 1
 2364661, 1
 2365099, 1
 2365888, 1
 2366077, 1
 2366227, 1

#Genome 195
Core
 2363450, 1
 2364535, 1
 2365697, 1

Accessory
 2363151, 1
 2363478, 2
 2363652, 2
 2363656, 1
 2364116, 1
 2364387, 1
 2364388, 1
 2364566, 1
 2364586, 1
 2364974, 1
 2365069, 1
 2365072, 1
 2365073, 1
 2365082, 1
 2365086, 1
 2365118, 1
 2365120, 1
 2365121, 1
 2365126, 1
 2365127, 1
 2365128, 1
 2365131, 1
 2365133, 1
 2365135, 1
 2365137, 1
 2365138, 1
 2365146, 1
 2365149, 1
 2365772, 1
 2366574, 1
 2367420, 1

#Genome 196
Core
 2363090, 1
 2363926, 1
 2364091, 1
 2365205, 1
 2365301, 1
 2365787, 1
 2365789, 1

Accessory
 2363200, 1
 2363478, 2
 2363673, 2
 2363681, 2
 2363779, 1
 2363878, 1
 2364566, 1
 2364587, 1
 2364737, 1
 2365065, 1
 2365068, 1
 2365070, 1
 2365072, 1
 2365073, 1
 2365077, 1
 2365082, 1
 2365086, 1
 2365087, 1
 2365116, 2
 2365118, 2
 2365120, 2
 2365121, 2
 2365122, 2
 2365124, 2
 2365126, 2
 2365127, 2
 2365128, 2
 2365132, 2
 2365133, 2
 2365134, 2
 2365137, 2
 2365138, 2
 2365139, 1
 2365140, 1
 2365141, 1
 2365142, 1
 2365145, 1
 2365146, 1
 2365150, 2
 2365857, 1
 2366189, 1
 2366190, 1
 2366192, 3
 2366433, 1
 2366704, 1
 2367420, 1
 2367758, 1
 2367759, 1
 2367760, 1
 2367761, 1
 2367762, 1
 2367763, 1
 2367764, 1
 2367765, 1
 2367766, 1
 2367768, 1
 2367769, 1
 2367771, 1
 2368860, 1
 2369025, 1
 2369106, 1

#Genome 197
Core
 2365884, 1

Accessory
 2363044, 1
 2363478, 2
 2363652, 2
 2364366, 1
 2366221, 2
 2366574, 1
 2366784, 1

#Genome 198
Core

Accessory
 2363178, 1
 2363478, 2
 2363652, 2
 2364388, 1
 2364974, 1
 2366026, 1

#Genome 199
Core
 2364428, 1
 2364968, 1

Accessory
 2363151, 1
 2363537, 1
 2363652, 2
 2364045, 1
 2364234, 1
 2364387, 1
 2368983, 1

#Genome 200
Core
 2365792, 1

Accessory
 2363652, 1
 2363654, 1
 2363656, 1
 2363663, 1
 2364003, 1
 2364018, 1
 2364661, 1
 2365031, 1
 2365065, 1
 2365146, 1

#Genome 201
Core
 2365422, 1
 2365508, 2
 2365510, 1
 2365511, 1
 2365513, 1
 2365514, 1
 2365515, 1
 2365516, 1
 2365523, 1

Accessory
 2363478, 2
 2363537, 1
 2363652, 2
 2364234, 1
 2364900, 1
 2364998, 1
 2365221, 1
 2365512, 1
 2366221, 2

#Genome 202
Core
 2363109, 1
 2364832, 1
 2365268, 1
 2365301, 1

Accessory
 2363153, 1
 2363155, 3
 2363160, 2
 2363537, 1
 2363652, 5
 2363655, 1
 2364387, 1
 2364388, 1
 2364566, 1
 2364587, 1
 2364782, 1
 2364797, 1
 2364799, 1
 2365221, 1
 2366379, 1
 2366545, 1
 2366550, 1

#Genome 203
Core
 2364153, 1

Accessory
 2363151, 1
 2363160, 1
 2363393, 2
 2363652, 2
 2364388, 1
 2364974, 1
 2365745, 1
 2366404, 1

#Genome 204
Core
 2363047, 1
 2364432, 1
 2364445, 1
 2364611, 1
 2364908, 1
 2365678, 1

Accessory
 2363151, 1
 2363178, 1
 2363478, 1
 2363661, 1
 2363911, 1
 2364110, 1
 2364785, 1
 2365673, 1
 2365892, 1
 2365958, 1
 2366101, 1
 2366766, 1
 2366963, 1
 2367561, 1

#Genome 205
Core
 2363109, 1
 2364091, 1
 2364816, 1
 2364964, 1
 2364968, 1
 2365268, 1
 2365301, 1

Accessory
 2363151, 3
 2363153, 1
 2363655, 1
 2363878, 1
 2364111, 1
 2364453, 1
 2364782, 1
 2365673, 1
 2368520, 1

#Genome 206
Core
 2365213, 1

Accessory
 2363652, 1
 2363654, 1
 2364998, 1
 2366166, 1
 2368556, 1
 2370091, 1

#Genome 207
Core
 2365642, 1
 2365792, 1

Accessory
 2363656, 1
 2364003, 1
 2364018, 1
 2364661, 1
 2365031, 1
 2365065, 1
 2366294, 1

#Genome 208
Core
 2364127, 1
 2365774, 1

Accessory
 2363151, 2
 2363169, 1
 2363478, 2
 2363652, 2
 2364388, 1

#Genome 209
Core

Accessory
 2363401, 1
 2363510, 1
 2363652, 1
 2364388, 1
 2364974, 1
 2365363, 1
 2365745, 1
 2366736, 1
 2367120, 1
 2367121, 1

#Genome 210
Core

Accessory
 2363087, 1
 2363478, 2
 2363566, 1
 2363652, 1
 2364110, 1
 2364566, 1
 2364587, 1
 2365221, 1
 2368626, 1
 2368776, 1

#Genome 211
Core
 2365792, 1

Accessory
 2363652, 3
 2363654, 2
 2363657, 2
 2363667, 1
 2364003, 1
 2364018, 1
 2364661, 1
 2364999, 2
 2365099, 1
 2365888, 1
 2366077, 1
 2366227, 1

#Genome 212
Core

Accessory
 2363147, 1
 2363151, 1
 2363168, 1
 2363652, 1
 2363654, 1
 2364388, 1
 2364874, 1
 2365221, 1
 2367360, 1

#Genome 213
Core
 2365792, 1
 2365872, 1
 2365873, 1

Accessory
 2363652, 3
 2363654, 2
 2363656, 1
 2363657, 1
 2363663, 1
 2363712, 1
 2364003, 1
 2364018, 1
 2364661, 1
 2365031, 1
 2365065, 1
 2366226, 1

#Genome 214
Core
 2365792, 1

Accessory
 2363652, 2
 2363657, 2
 2363663, 1
 2364003, 1
 2364018, 1
 2364661, 1
 2364999, 2
 2365099, 1
 2365888, 1
 2366077, 1
 2366227, 1
 2366316, 1

#Genome 215
Core
 2365678, 1
 2365680, 1

Accessory
 2363673, 1
 2364110, 1
 2364394, 1
 2365221, 1
 2365673, 1
 2365896, 1
 2366135, 1

#Genome 216
Core
 2363586, 1
 2364507, 1
 2364535, 1
 2364839, 1
 2365481, 1

Accessory
 2363151, 2
 2363478, 2
 2363652, 1
 2363755, 1
 2365475, 1
 2366470, 1
 2366559, 1

#Genome 217
Core
 2365678, 1

Accessory
 2363151, 1
 2363393, 1
 2363478, 2
 2363652, 2
 2364390, 1
 2364566, 1
 2364587, 1
 2364889, 1
 2365673, 1
 2366068, 1
 2366071, 1
 2366106, 1
 2366433, 1
 2366435, 1
 2366714, 1
 2366715, 1
 2366716, 1
 2366720, 1
 2366722, 1
 2366724, 1
 2366987, 1
 2366989, 1
 2366991, 1

#Genome 218
Core
 2364213, 1
 2365697, 1

Accessory
 2363478, 2
 2363510, 1
 2363652, 3
 2364111, 1
 2364665, 1
 2364889, 1
 2365001, 1
 2365025, 2
 2365033, 1
 2365221, 1
 2365475, 1
 2366026, 1
 2367466, 1
 2367798, 1

#Genome 219
Core
 2363533, 1

Accessory
 2363170, 1
 2363478, 2
 2363515, 1
 2363519, 1
 2363661, 2
 2367154, 1
 2367213, 1
 2367289, 1

#Genome 220
Core
 2365697, 1
 2365792, 1

Accessory
 2363393, 1
 2363478, 2
 2363652, 1
 2363664, 1
 2364998, 1
 2365065, 1
 2365127, 1
 2365131, 1
 2365888, 1
 2366221, 2

#Genome 221
Core

Accessory
 2363147, 1
 2363168, 1
 2363478, 2
 2363652, 2
 2364388, 1
 2365221, 1
 2366010, 1

#Genome 222
Core
 2365884, 1

Accessory
 2363044, 1
 2363478, 2
 2363652, 2
 2364366, 1
 2366221, 2
 2366574, 1

#Genome 223
Core
 2365255, 1
 2365678, 1

Accessory
 2363151, 2
 2363478, 2
 2363652, 2
 2363749, 1
 2364110, 1
 2364394, 1
 2366026, 1
 2366954, 1
 2366991, 1
 2366992, 1
 2367000, 1
 2367007, 1
 2367107, 1

#Genome 224
Core

Accessory
 2363151, 1
 2363478, 2
 2363652, 2
 2364368, 1
 2365888, 1
 2365991, 1
 2366368, 1
 2366433, 1
 2366435, 1
 2366716, 1
 2366718, 1
 2366720, 1
 2366723, 1
 2366724, 1
 2368004, 1

#Genome 225
Core

Accessory
 2363478, 2
 2363652, 1
 2363690, 1
 2364974, 1
 2365000, 1
 2365033, 1
 2366221, 2
 2366469, 1
 2366586, 1

#Genome 226
Core

Accessory
 2363151, 2
 2363478, 2
 2363652, 2
 2364388, 1

#Genome 227
Core
 2365326, 1

Accessory
 2363393, 1
 2363478, 2
 2363652, 2
 2364387, 1
 2364388, 1
 2364390, 1
 2364566, 1
 2364974, 1

#Genome 228
Core

Accessory
 2363151, 1
 2363478, 2
 2363652, 2
 2364234, 1
 2364566, 1
 2364587, 1
 2364661, 1
 2365857, 1
 2366135, 1
 2366221, 2
 2366357, 1
 2366715, 1
 2366716, 1
 2366717, 1
 2366718, 1
 2366719, 1
 2366724, 1

#Genome 229
Core
 2364151, 1
 2364526, 1
 2364527, 1
 2364528, 1
 2364529, 1
 2364530, 1
 2364531, 1
 2364532, 1
 2364533, 1
 2364534, 1
 2364535, 1
 2364600, 1
 2364601, 1
 2364602, 1
 2364603, 1
 2364608, 1
 2364610, 1
 2364611, 1
 2364612, 1
 2364613, 1
 2364615, 1
 2364616, 1
 2364617, 1
 2364618, 1
 2364619, 1
 2364620, 1
 2364621, 1
 2364622, 1
 2364623, 1
 2364624, 1
 2364626, 1
 2364627, 1
 2364628, 1
 2364629, 1
 2364630, 1
 2364631, 1
 2364632, 1
 2364633, 1
 2364634, 1
 2364635, 1
 2364636, 1
 2364638, 1
 2364640, 1
 2364641, 1
 2364643, 1
 2364644, 1
 2364968, 2
 2365697, 1

Accessory
 2363044, 1
 2363464, 1
 2363478, 2
 2363537, 1
 2364234, 1
 2364539, 1
 2364542, 1
 2364546, 1
 2364566, 1
 2364570, 1
 2364581, 1
 2364587, 1
 2364609, 1
 2364614, 1
 2364637, 1
 2364639, 1
 2364642, 1
 2364645, 1
 2364653, 1
 2364656, 1
 2364658, 1
 2364659, 1
 2364661, 1
 2364662, 1
 2364664, 1
 2366379, 1
 2366782, 1
 2369856, 1
 2369926, 1

#Genome 230
Core
 2365792, 1

Accessory
 2364003, 1
 2364018, 1
 2364661, 1
 2365031, 1
 2365065, 1
 2365228, 1
 2366144, 1

#Genome 231
Core
 2364832, 1
 2365678, 1
 2365680, 1

Accessory
 2363151, 2
 2363478, 2
 2363652, 1
 2363659, 1
 2364538, 1
 2367081, 1

#Genome 232
Core
 2365697, 1

Accessory
 2363151, 1
 2363401, 1
 2363652, 1
 2364388, 1
 2364661, 1
 2364974, 1

#Genome 233
Core
 2365792, 1

Accessory
 2363652, 1
 2363654, 1
 2363656, 1
 2363657, 1
 2364003, 1
 2364018, 1
 2364661, 1
 2365099, 1
 2365809, 1
 2365888, 1
 2366077, 1
 2366227, 1
 2366296, 1

#Genome 234
Core
 2365792, 1

Accessory
 2363652, 3
 2363654, 1
 2363656, 2
 2363657, 2
 2363663, 1
 2363746, 1
 2364003, 1
 2364018, 1
 2364661, 1
 2365031, 1
 2365065, 1
