16331767
7392964
4121238
2662728
2088505
1763621
1400809
1164750
924224
766836
620150
570463
523845
489680
459435
421028
384266
379270
346312
334179
310900
306822
241684
228201
216351
212188
197318
192538
194379
188643
230980
171470
167198
178487
140523
127731
120306
114925
106013
109280
120628
110462
110626
89432
88911
90393
109145
91809
91765
89016
78353
77405
71229
71014
80042
74248
71247
69266
70648
69604
73593
70348
85459
83716
75128
93607
64363
77622
72161
62714
58790
65844
62090
55439
65447
49314
56202
70073
55595
46225
41179
42047
45206
41910
39506
38353
51203
55504
41036
42862
44671
43209
43633
41775
51050
46431
40148
52851
49298
59827
49802
49936
55364
64042
40561
40917
37773
37233
35689
38655
30670
31496
30935
61415
28986
28126
27431
28873
33952
29685
27551
25344
27708
27052
26207
27851
23474
22460
24220
22229
22267
23345
23250
22043
22195
24913
20003
19974
21726
25130
27618
20353
20353
19121
23423
21937
25520
20610
19100
18889
19234
18945
16115
17878
19540
19049
18267
17916
18039
18806
16590
15640
16075
27483
18989
16553
16942
17789
16442
18798
20567
18332
18099
15758
16822
28153
21559
19146
19932
19333
16368
18300
18200
15956
14730
16425
15760
18037
15954
20837
20947
19179
23866
14415
17025
14298
14006
14115
14105
14063
13135
13126
12790
13108
12989
14061
12783
14139
14178
14582
14331
20961
26262
21542
19576
18236
20720
16716
18523
17623
21123
17979
14828
14631
17881
20974
51286
34835
25130
22645
19924
18398
17410
17214
17606
18244
18300
17422
18032
20940
17847
17536
18038
15717
15513
15458
16979
20639
17043
18236
19171
19559
16865
16444
13425
13152
13975
13924
13748
14516
14369
13151
13505
13886
15051
14505
15715
15559
15066
15946
21517
22222
20361
21011
21301
26264
19752
15365
14893
14255
13462
13606
13124
12676
12043
12089
13044
12584
13485
16623
13249
14197
14400
14481
17196
14364
14266
12155
16047
12663
14333
11990
11675
11712
11622
12538
11420
12432
13612
18863
11745
9871
10121
9876
10452
9928
10119
10251
10473
9224
9216
9346
9272
9298
9536
9726
9248
9953
10058
9821
10169
10139
11824
10293
9081
9863
10345
10492
10768
8667
8165
8476
9057
8737
9024
7853
7906
7880
7695
7920
8658
8746
7997
8800
8227
7862
8560
10435
8269
8672
8803
6781
7007
7392
7002
6566
6244
6633
6225
6203
6475
6133
6485
6742
6711
6835
6818
6456
6143
5694
6073
5740
5953
6232
7380
6052
5390
5444
5057
5391
5624
5619
5170
5308
5423
5386
5293
5305
5649
5709
6014
6135
5901
5769
6663
5555
5522
5452
5403
5707
6246
5720
6096
5131
5178
5197
5353
5274
5433
5828
6225
7073
7105
5940
7954
6679
7560
6288
6181
6214
6448
6460
5881
6580
7198
5373
5891
6187
6847
5896
5235
4999
5058
5223
5188
5394
5471
6284
5125
5150
5118
5050
5450
5168
5207
5849
5122
5342
5868
5641
5297
5244
5133
4927
5311
6032
6095
6728
5075
5451
4943
4881
5126
5059
4690
4873
4961
5058
5216
5083
5079
4951
5081
5610
5343
5264
5199
5318
5376
5221
5141
4998
4571
4709
4844
4766
4890
5361
5208
5456
5673
5594
6119
6321
5751
5513
5547
5324
5202
5093
5211
5069
5372
5190
5117
5225
5255
4836
4586
4509
4605
4919
4731
4705
4677
4399
4337
4505
4303
4340
4453
4635
4641
5486
5306
5590
4294
4612
4126
4043
3991
3799
3906
3854
3742
3861
3560
4002
4102
4183
3902
4125
4207
4134
3900
4341
3837
3857
3953
3972
4089
3760
4220
4051
3946
4216
4037
3903
3972
3879
4059
4715
3870
3835
3577
3464
3582
3575
3440
3765
3393
3337
3238
3356
3273
3042
3132
3054
3370
3205
3039
3192
3496
3957
3334
3347
3284
3663
3505
3759
3958
3568
3284
3180
3278
3205
3411
3361
3388
3421
3666
3103
3437
3833
3230
3310
3110
3264
3443
3645
3600
3705
3276
3204
3013
3153
3172
2946
3062
2956
2819
3161
3013
3076
3013
3107
3227
3362
3449
3834
4421
6564
9369
5317
3137
2947
2972
2814
2848
2849
3056
2798
2632
2620
2536
2628
2673
2832
2871
2956
3048
3480
2675
2580
2649
2537
2720
2618
2560
2763
2866
2922
2794
2888
3210
3868
2655
2526
2514
2417
2386
2480
2552
2491
2717
2554
2515
2421
2590
2620
2587
2494
2471
2561
2439
2604
2493
2746
2631
2371
2486
2614
2375
2355
2400
2438
2402
2525
2552
2667
2582
2561
2644
2707
2743
2848
2940
2797
2943
2758
2776
2953
2798
2949
2684
2997
2868
2462
2600
2546
2344
2682
2645
2942
3678
2304
2399
2308
2578
2610
2630
2900
2799
3376
3754
2689
2606
2398
2442
2318
2362
2603
2488
2265
2264
2276
2627
2479
2514
2424
2320
2555
2412
2374
2363
2563
2547
2530
3058
2339
2214
2318
2535
2368
2702
2361
2505
2475
2570
2714
2972
2456
2565
2376
2508
2382
2453
2539
2578
2375
2334
2436
2319
2444
2527
2654
3336
3345
2586
2424
2285
2317
2287
2280
2290
2429
2310
2406
2504
2322
2237
2287
2246
2184
2371
2283
2357
2197
2283
2415
2212
2168
2156
2263
2208
2290
2315
2086
2232
2249
2422
2455
2184
2339
2348
2208
2198
2090
2045
2266
2111
2061
2487
2394
2228
2281
2267
2472
2319
2393
2438
2629
2819
3124
2917
2060
2134
2190
2331
2226
2239
2414
2401
2347
2177
2109
2243
2141
2297
2031
2138
2051
2228
2208
2143
2215
2148
2077
2154
2214
2074
2193
2285
2184
2067
1897
2042
2091
1909
1921
2061
2114
2294
2247
2166
2237
2184
2071
2114
2228
2279
2146
2618
2929
2771
2068
2298
2460
2896
2729
2208
1989
1988
1950
2117
1898
2145
2020
2112
1962
1938
2228
2117
2301
2322
2281
2048
2004
2133
2048
2256
1944
2188
2038
2087
1979
2199
2059
2187
1962
2027
2025
2061
1931
1784
1843
1920
2046
2036
2170
1964
2049
2134
2145
1889
2128
2012
2083
2058
1925
2039
1981
2270
2221
2239
2136
2284
2109
2201
2183
2359
2223
2489
2324
2333
2614
2630
2939
2494
2410
2396
2625
2511
2466
2549
2320
2535
2269
2166
2072
2034
1986
1972
2020
2074
1903
2102
2141
2253
2303
2148
1990
2107
1934
2010
2060
1930
1719
1943
1989
2004
2096
1998
1940
1887
1789
1991
2088
2087
2037
1900
2113
2218
1852
1970
1916
2000
2049
2030
1932
2054
2064
1891
1903
2006
2030
2050
1894
2015
2105
1917
2045
2021
2206
2089
2241
2146
1982
2187
2218
2216
2139
2151
2382
2476
2387
2409
2491
2456
2699
2657
2410
2366
2409
2319
2271
2396
2266
2448
2391
2318
2339
2191
2362
2583
2306
2482
2704
2331
2241
2463
2292
2210
2261
2304
2431
2278
2435
2529
2512
2954
2748
2401
2412
2309
2197
2151
2175
2283
2161
2009
2144
2047
2082
2153
2033
2090
2097
2031
2087
2184
2209
2125
2131
2245
2317
2471
2068
2026
2100
1810
1967
2249
1943
1809
1974
2097
1898
1946
1942
1863
1846
1819
1948
1768
1881
2027
1856
2129
2108
2105
2011
2209
2344
2167
2069
2074
1956
1844
1828
1835
2064
1755
1884
1856
1796
1826
1993
2079
2065
1945
1804
1859
1789
1846
1825
1804
1833
1817
1776
1701
1806
1743
1823
1846
1842
1765
1700
1664
1755
1859
1625
1579
1671
1633
1521
1722
1589
1666
1505
1591
1768
1751
1644
1841
1805
1864
1837
1720
1915
1771
1681
1726
1760
1599
1673
1828
1819
1703
1784
1667
1713
1753
1678
1707
1849
1794
1842
1644
1615
1719
1805
1770
1672
1725
1721
1808
1627
1788
1861
1738
1707
1680
1759
1823
1853
1803
1718
2017
1899
1836
2073
1893
2085
1951
1903
2028
2210
2080
1968
1894
2006
2011
2015
2027
2198
1921
2041
2066
2173
2362
2474
2167
2049
1998
2085
2028
1974
2047
2126
2131
2309
2234
2191
2304
2417
2377
2341
2331
2136
2326
2107
2123
2226
2175
2098
1999
2098
2095
2097
2018
2301
2353
2317
2206
2220
2053
2122
2064
2294
2133
2104
2108
2299
2200
1939
2224
2231
2092
2212
2109
2206
2244
2108
2196
2110
2335
2291
2251
2218
2466
2342
2413
2273
2389
2471
2368
2480
2615
2453
2336
2327
2578
2497
2425
2432
2470
2536
2444
2757
2599
2460
2580
2640
2443
2428
2750
2537
2414
2324
2622
2551
2511
2828
2458
2561
2724
2823
2735
2699
2835
2663
2746
2776
2892
2786
3102
2996
3084
3044
3149
3302
3359
3123
2722
2711
2576
2691
2724
2585
2622
2443
2506
2509
2396
2423
2656
2402
2494
2519
2427
2605
2546
2368
2236
2322
2435
2450
2313
2394
2515
2478
2538
2890
2744
2520
2555
2565
2492
2431
2205
2390
2395
2306
2350
2493
2503
2439
2460
2537
2392
2460
2380
2388
2530
2390
2132
2320
2346
2329
2433
2401
2233
2367
2471
2143
2619
2437
2292
2231
2271
2277
2328
2049
2332
2324
2272
2291
2321
2365
2241
2449
2216
2491
2436
2451
2339
2288
2159
2168
2227
2380
2378
2395
2431
2385
2532
2282
2488
2583
2611
2572
2424
2465
2446
2481
2476
2368
2384
2480
2626
2523
2531
2566
2444
2498
2440
2374
2651
2849
2624
2566
2741
2626
2571
2821
2905
2937
3175
2767
2745
2905
2584
2959
2818
2945
2778
2893
2930
2947
2877
2668
2618
2803
2839
2879
2825
2832
3064
2975
3012
2919
3193
2971
3054
3044
3193
3131
3132
3222
3217
3334
3512
3599
3372
3693
3362
3132
3324
3294
3606
3643
3562
3495
3634
3852
3758
3367
3277
3410
3430
3463
3433
3695
3422
3596
3483
3535
3761
3511
3485
3521
3503
3456
3477
3354
3302
3161
3275
3296
3453
3350
3272
3226
3374
3428
3627
3652
3798
3697
3621
3807
3888
3869
3797
4212
3940
3965
4353
4639
4513
4638
4815
4758
4766
4429
4534
4064
4128
3922
3856
3906
3786
3928
4222
4324
4168
4609
4499
4535
4993
5177
5084
4692
4728
4548
4316
3989
3852
3678
3616
3238
3337
3345
3279
3272
3158
3091
3295
3220
3113
3261
3332
3307
3448
3333
3532
3427
3264
3181
3304
3311
3644
3356
3245
3356
3364
3509
3412
3460
3398
3550
3382
3511
3414
3628
3626
3681
3723
3794
3644
3784
4079
4165
3644
3533
2771
2720
2612
2640
2719
2850
3004
2854
2943
2837
2825
2668
2784
2830
2623
2825
2523
2838
2708
2738
2624
2758
2903
2827
3025
2737
2938
2929
2773
3003
2992
3201
2885
3231
3114
3011
3048
3215
3014
3202
2905
3103
2965
2962
3122
3172
3037
3086
3197
2931
3030
3181
3183
3279
3125
3085
3203
3043
2985
2786
3280
3121
3012
3225
3223
3148
3189
2902
3076
3305
3174
3332
3372
3474
3559
3460
3527
3374
3459
3587
3571
3514
3509
3585
3504
3604
3689
3655
3650
3603
3676
3502
3586
3641
3503
3566
3883
3820
3573
3852
3923
4030
3948
3957
3933
3889
3909
4125
4399
4227
4513
4927
4716
4853
4928
4721
4772
5020
5046
5318
5467
5510
5416
5479
4981
4541
4339
4257
4066
4116
4113
4391
4608
4503
4805
4860
4896
4674
5001
5250
5154
5553
5560
5810
5969
5817
5549
5220
5268
5726
6038
6082
6267
6284
6460
6279
6501
6219
5738
6030
6338
6468
6267
6457
6270
6254
6253
6549
6581
6864
6632
6594
6869
7046
7223
7432
7600
8203
7740
8016
7970
8094
8163
8596
8822
9223
9489
9833
10095
10264
10946
11041
11239
11108
11253
11859
12038
12106
12282
12483
12853
13710
14915
15434
15892
16565
17976
17790
18513
18745
20550
23095
24820
28318
31632
36920
41175
45154
49089
58206
66800
75227
87374
100571
119493
124260
138631
