1541385
596895
441326
255249
144055
152709
105578
101667
67483
63904
48405
54772
52237
34042
30636
25151
23450
23326
21595
20928
30123
24282
25683
25403
39236
21967
22528
28411
23609
16835
17063
15897
14971
33616
16388
15624
22993
17955
45841
14103
15924
11659
10574
12941
11413
10183
9500
9212
9773
9548
10296
11851
9768
11945
8667
12736
7640
10460
8683
7166
11677
8189
8957
9371
8798
10847
7032
6120
7224
7875
6246
8020
14133
7603
7373
7274
5774
5901
5671
5730
5473
6008
11053
9691
6029
5354
5592
5842
5866
5963
4472
4365
4189
4248
6367
5814
4290
5252
5017
4585
3413
3273
4000
4744
4337
5444
3928
4626
3411
3390
3221
3326
3298
3231
3558
3257
4070
5359
3759
3557
3871
3495
3631
9388
3279
4252
3199
3156
2926
3373
3066
4396
3663
3276
2762
2817
2945
2811
2651
3130
3150
2973
2806
2835
2649
2629
2730
2966
3036
2863
3106
2777
3466
3450
3728
5035
3482
5445
3231
2824
3032
3631
4387
5617
4170
5963
3394
3271
3147
3689
3692
4415
7220
3047
3215
3372
3969
3366
2965
3245
2782
3051
3375
3171
3459
3699
3471
3673
3938
3594
4113
3520
4016
3397
3953
3741
3936
3835
4521
4350
4586
4771
5123
4662
5253
4994
4869
5487
5374
5543
5990
6802
9273
5088
5606
5914
6484
6823
7798
8741
9318
10644
7074
7621
7149
8060
7529
7713
8410
9883
11598
11631
12253
13741
14461
17166
19348
20864
25198
27226
33599
44899
54962
71663
116641
192247
460978
