2318151
859892
585811
348460
207270
195917
136690
133277
92705
83010
64424
71302
66403
44918
40737
34334
31673
31485
29006
28525
41511
32245
34800
33326
57916
29611
29730
35173
31214
21179
21758
20890
18703
47004
22087
21093
30158
24355
51159
18288
17826
15320
14690
16200
14737
13565
12719
12604
13263
13538
13785
14601
12822
14826
11327
14847
10082
13050
10108
9829
13393
10857
11119
11744
10973
11874
8779
8052
8747
9909
8022
10281
14430
9040
8655
8633
7385
6927
6970
7461
7001
7923
11211
9903
7160
6221
6678
6719
7060
6681
5357
5556
5399
5213
7250
6825
5469
6150
5375
5356
4451
4511
5037
5859
5548
6492
5091
5786
4526
4477
4402
4528
4302
4493
4730
4498
5150
6193
4987
4821
4861
4762
5107
9651
4478
5268
4077
4103
3864
4217
4404
5347
4379
4120
3556
3650
3924
4034
3554
4105
4087
4065
3665
3814
3525
3454
3803
3977
4141
4168
4219
4004
4420
4343
4503
5347
4661
5758
4470
3800
4290
4983
5464
6368
5271
6043
4199
4150
4367
5023
4900
5444
6998
3860
4369
4298
4654
4232
4132
4082
4116
4409
4560
4657
5023
4996
4984
5065
5055
4556
5104
5197
5212
4689
5005
5525
5384
5413
6276
5824
6412
6281
6800
6572
7063
6746
6760
7190
7216
7456
8247
8854
10317
7197
7507
8350
8964
9170
10397
10969
11259
12131
9177
9214
9482
10029
9762
9673
10989
12933
13980
14448
15185
17129
17908
21102
23815
26180
29507
33746
40552
51102
60811
77370
112028
160713
267375
