2090748
780445
544796
320326
187291
183849
127295
123954
84844
77125
59254
66551
62131
41336
37474
31321
28978
28993
26595
26097
38236
29873
31998
30974
52202
27205
27496
33158
28858
19811
20296
19344
17490
43175
20302
19341
28078
22492
50144
16725
17264
14035
13377
15181
13700
12489
11670
11518
12144
12276
12786
13774
11840
14017
10506
14255
9286
12308
9657
8950
12947
10024
10508
10981
10402
11606
8216
7431
8236
9268
7465
9627
14364
8610
8228
8304
6893
6631
6547
6940
6497
7410
11195
9926
6779
5902
6333
6474
6731
6383
5040
5213
5002
4942
7009
6590
5088
5891
5215
5056
4100
4114
4762
5523
5178
6154
4674
5442
4192
4139
4097
4115
3927
4089
4379
4072
4888
6014
4592
4397
4581
4307
4632
9700
4051
5017
3799
3858
3585
3921
3991
5056
4154
3855
3284
3379
3634
3690
3230
3883
3804
3737
3400
3458
3229
3265
3488
3680
3701
3776
3896
3585
4144
4101
4266
5198
4362
5672
4135
3508
3855
4528
5150
6193
5006
5986
4028
3825
3985
4616
4604
5214
7080
3573
4010
4005
4474
3967
3800
3815
3714
4063
4163
4166
4559
4569
4527
4660
4792
4307
4750
4644
4897
4308
4705
4944
4986
4916
5762
5409
5979
5759
6299
6049
6526
6216
6210
6740
6704
6888
7669
8339
10078
6560
6898
7550
8333
8529
9737
10440
10796
11821
8661
8849
8822
9556
9128
9179
10287
12101
13318
13679
14387
16140
17006
20182
22716
24628
28533
32277
39026
50188
59996
77085
115929
173370
317823
