2393440
886286
599224
357677
213929
199883
139805
136345
95301
84916
66109
72823
67829
46136
41825
35340
32567
32274
29811
29301
42580
33024
35745
34122
59793
30389
30468
35851
31969
21610
22248
21390
19141
48264
22624
21694
30816
24956
51494
18787
18020
15742
15102
16557
15080
13922
13053
12946
13617
13960
14098
14862
13136
15070
11601
15042
10347
13274
10279
10119
13569
11123
11334
11995
11146
11983
8971
8246
8908
10129
8198
10476
14476
9171
8801
8740
7549
7022
7097
7657
7163
8072
11217
9904
7314
6301
6800
6794
7188
6767
5451
5685
5507
5323
7327
6902
5584
6222
5443
5449
4556
4651
5139
5981
5679
6616
5222
5891
4605
4611
4480
4654
4438
4626
4845
4622
5233
6243
5107
4962
4955
4905
5253
9642
4613
5348
4171
4188
3950
4330
4517
5432
4448
4227
3633
3752
4006
4131
3662
4190
4155
4163
3765
3912
3650
3523
3878
4084
4263
4297
4323
4123
4493
4436
4594
5404
4742
5812
4576
3879
4430
5118
5540
6428
5352
6059
4259
4283
4490
5130
5001
5529
6980
3933
4463
4369
4729
4339
4228
4192
4247
4515
4696
4825
5140
5125
5134
5191
5153
4654
5220
5376
5282
4813
5107
5689
5517
5570
6434
5971
6515
6431
6971
6726
7232
6908
6931
7345
7391
7614
8424
9011
10349
7409
7699
8578
9150
9369
10594
11127
11397
12199
9314
9346
9666
10181
9959
9809
11194
13170
14178
14661
15466
17383
18181
21385
24084
26587
29763
34151
40949
51252
60906
77274
110485
156447
252813
