1857572
699868
501743
291333
166987
171064
117681
114205
76738
71138
54090
61515
57715
37781
34338
28297
26367
26337
24202
23729
34737
27398
29150
28534
46381
24748
25246
31128
26437
18385
18809
17762
16322
39077
18522
17584
25880
20435
49041
15223
16678
12797
11996
14196
12661
11387
10625
10389
11008
11000
11677
12980
10829
13192
9610
13662
8449
11529
9199
8036
12496
9144
9854
10241
9708
11332
7611
6799
7751
8615
6898
8921
14387
8134
7830
7869
6323
6303
6146
6348
6002
6797
11276
9901
6438
5560
6014
6223
6381
6200
4759
4784
4617
4633
6780
6268
4660
5651
5142
4831
3731
3690
4441
5157
4813
5819
4295
5069
3795
3799
3724
3760
3587
3665
4005
3680
4558
5771
4184
3977
4269
3886
4149
9690
3628
4709
3501
3509
3322
3650
3563
4740
3928
3584
3010
3118
3289
3272
2960
3549
3517
3346
3133
3145
2943
2991
3125
3377
3370
3303
3545
3188
3837
3843
4046
5121
3941
5635
3709
3174
3463
4079
4802
5999
4629
5998
3784
3556
3613
4170
4235
4893
7212
3297
3661
3698
4257
3697
3381
3554
3242
3585
3793
3685
4059
4128
4028
4214
4477
3960
4457
4091
4517
3889
4405
4344
4510
4433
5179
4900
5379
5266
5818
5398
5969
5683
5634
6152
6138
6262
6894
7691
9794
5870
6292
6776
7484
7717
8945
9723
10238
11338
7958
8381
8085
8901
8417
8568
9500
11177
12537
12808
13460
14991
15911
18904
21348
22888
27277
30241
36840
48380
58424
75564
118172
185121
380254
