2014038
753830
530686
310784
180536
179699
124133
120772
82172
75121
57553
64917
60658
40165
36424
30302
28107
28111
25798
25306
37096
29053
31059
30169
50283
26395
26757
32471
28068
19342
19804
18814
17116
41827
19710
18753
27361
21822
49797
16224
17070
13616
12931
14857
13350
12131
11307
11150
11773
11850
12425
13519
11493
13735
10219
14054
9023
12059
9494
8643
12807
9733
10302
10740
10171
11510
8027
7221
8069
9055
7266
9409
14348
8464
8089
8166
6719
6518
6413
6762
6335
7213
11216
9903
6665
5786
6227
6401
6617
6313
4945
5070
4874
4846
6938
6487
4946
5818
5182
4970
3973
3972
4666
5396
5061
6042
4546
5326
4049
4026
3985
3994
3802
3954
4259
3938
4787
5935
4462
4261
4485
4162
4481
9694
3909
4922
3701
3751
3496
3819
3847
4959
4075
3765
3186
3301
3525
3549
3132
3787
3703
3613
3324
3343
3134
3194
3370
3583
3581
3627
3774
3442
4043
4027
4186
5163
4236
5652
4000
3399
3719
4380
5041
6123
4902
5973
3951
3738
3849
4474
4486
5112
7124
3482
3889
3900
4412
3873
3669
3729
3562
3919
4034
4002
4389
4419
4350
4524
4699
4200
4651
4466
4765
4176
4609
4741
4831
4756
5577
5245
5796
5588
6141
5858
6326
6040
6028
6531
6522
6680
7426
8147
9998
6327
6696
7290
8070
8251
9515
10216
10656
11663
8428
8706
8580
9343
8909
9003
10027
11803
13088
13392
14075
15748
16672
19774
22273
24070
28143
31662
38341
49724
59536
76733
116885
177411
337441
