1314993
526514
394582
231205
131650
137760
96998
92624
62414
59124
45151
50006
48142
32047
28633
23691
21848
21545
20199
19299
27100
22313
23518
23204
34767
20460
20841
26157
21988
15914
16117
14882
14085
29878
15248
14461
20993
16599
41274
13993
15383
11320
9963
12029
10726
9601
9049
8612
9152
8906
9514
11016
9145
10998
8207
11797
7303
9699
8296
6734
10945
7669
8411
8727
8302
10209
6672
5856
6825
7437
5993
7488
13332
7297
7063
6854
5560
5667
5441
5414
5212
5631
10491
9251
5820
5277
5311
5612
5527
5759
4335
4204
3992
4011
5983
5514
4155
4983
4823
4434
3296
3162
3727
4469
4085
5155
3787
4381
3284
3211
3034
3121
3148
3022
3370
3079
3769
5001
3540
3374
3642
3334
3370
8732
3243
3980
3103
2994
2744
3233
2842
4135
3426
3088
2670
2632
2787
2634
2512
2933
2979
2821
2624
2681
2481
2487
2558
2763
2859
2654
2897
2575
3216
3252
3522
4761
3283
5177
3055
2661
2845
3405
4112
5235
3935
5701
3222
3158
2943
3429
3410
4129
6856
2958
3042
3186
3781
3134
2817
3069
2613
2880
3155
2923
3186
3481
3241
3385
3620
3360
3846
3306
3723
3165
3716
3445
3642
3555
4207
4037
4258
4446
4801
4299
4866
4642
4480
5057
4987
5184
5543
6302
8820
4758
5191
5490
5968
6351
7209
8172
8775
10050
6558
7174
6691
7615
7077
7170
7827
9224
10970
10905
11486
13032
13610
16112
18088
19644
23830
25436
31603
42337
52061
68060
112427
189128
496902
