2618575
965332
638977
385140
233890
211648
149094
145355
102952
90667
71196
77276
72170
49783
45143
38347
35194
34643
32224
31555
45727
35355
38551
36515
65426
32706
32676
37817
34113
22983
23753
22795
20448
52054
24288
23517
32670
26812
52511
20256
18572
17011
16295
17616
16055
15005
14033
13996
14689
15142
14975
15621
14078
15841
12440
15628
11118
13910
10876
10900
14096
11923
11958
12688
11687
12329
9495
8832
9377
10656
8749
11047
14611
9582
9196
9123
8008
7344
7477
8168
7625
8534
11296
9953
7682
6544
7168
7037
7539
7015
5794
6050
5848
5660
7558
7161
5910
6458
5675
5618
4892
5063
5462
6306
6043
6977
5554
6194
4839
5006
4740
5022
4857
4954
5211
4998
5497
6391
5465
5402
5247
5334
5667
9522
5015
5566
4450
4436
4256
4624
4839
5736
4677
4531
3926
4089
4188
4407
4030
4428
4425
4425
4027
4188
3996
3706
4112
4354
4609
4668
4632
4412
4778
4692
4859
5610
4937
5973
4911
4132
4769
5498
5767
6573
5635
6114
4457
4668
4818
5396
5325
5711
6974
4180
4686
4656
4955
4623
4543
4493
4596
4841
5123
5295
5483
5487
5506
5550
5418
4930
5619
5854
5445
5186
5533
6106
5833
5979
6939
6439
6840
6794
7454
7247
7683
7346
7296
7794
7870
8066
8929
9473
10413
8024
8187
9116
9725
9928
11066
11516
11722
12392
9676
9748
10138
10586
10561
10298
11741
13757
14712
15202
16183
18124
18841
22235
24717
27626
30367
35243
41827
51501
60733
76531
105274
143698
213955
