2842566
1044296
677663
412459
253677
223375
158238
154149
110545
96353
76298
81593
76624
53506
48453
41427
37821
37008
34571
33742
48818
37688
41344
38817
71090
34994
34800
39763
36157
24358
25240
24252
21704
55784
26017
25211
34440
28616
53499
21668
19153
18260
17431
18684
17016
16037
15014
14989
15723
16252
15768
16395
15012
16555
13314
16166
11854
14503
11486
11648
14668
12691
12570
13315
12167
12616
10081
9387
9839
11130
9312
11684
14699
9985
9603
9482
8470
7698
7856
8586
8084
9011
11358
10062
8000
6798
7522
7309
7810
7292
6146
6427
6205
6004
7738
7428
6238
6724
5862
5791
5209
5481
5772
6593
6401
7352
5798
6537
5138
5399
5051
5347
5224
5202
5586
5333
5795
6574
5859
5775
5502
5736
6076
9395
5417
5770
4734
4705
4557
4896
5147
6003
4918
4820
4277
4406
4306
4664
4408
4629
4715
4672
4281
4449
4303
3855
4442
4614
4899
4959
4944
4658
5024
4976
5108
5758
5145
6124
5218
4348
5065
5842
5956
6691
5910
6130
4744
5038
5091
5671
5555
5879
7000
4447
4975
4899
5149
4826
4942
4799
4906
5150
5581
5688
5794
5743
5833
5847
5615
5190
6008
6264
5639
5539
5960
6479
6187
6336
7327
6778
7226
7141
7919
7658
8154
7687
7724
8144
8277
8588
9270
9793
10584
8594
8473
9543
10296
10451
11333
11835
11962
12568
9917
10074
10613
10897
11162
10768
12066
14265
15233
15619
16730
18666
19370
23003
25214
28228
30834
36155
42258
51499
59965
75002
99600
131303
181754
