1936555
727056
516438
301131
173768
175433
120948
117545
79470
73141
55836
63237
59194
38977
35386
29283
27243
27227
25005
24517
35926
28234
30124
29361
48350
25581
26005
31788
27262
18854
19317
18290
16716
40472
19136
18156
26625
21141
49428
15723
16874
13214
12463
14527
13002
11757
10962
10775
11392
11430
12059
13247
11157
13461
9923
13846
8749
11801
9342
8336
12659
9438
10086
10480
9941
11422
7827
7014
7908
8839
7077
9172
14366
8299
7963
8014
6527
6413
6280
6554
6181
7008
11239
9900
6564
5669
6124
6310
6502
6255
4856
4927
4745
4745
6858
6376
4800
5734
5155
4901
3846
3835
4557
5279
4941
5940
4420
5203
3916
3912
3862
3875
3691
3813
4132
3807
4676
5854
4320
4123
4372
4019
4316
9691
3768
4823
3607
3624
3416
3734
3703
4860
3993
3674
3092
3221
3405
3403
3050
3678
3606
3484
3233
3238
3044
3104
3245
3493
3471
3460
3662
3307
3938
3944
4109
5147
4094
5644
3864
3295
3583
4237
4922
6059
4772
5964
3877
3650
3721
4322
4360
5010
7165
3387
3772
3803
4342
3785
3527
3643
3403
3759
3914
3836
4227
4278
4186
4364
4602
4086
4548
4276
4639
4040
4510
4540
4673
4593
5385
5073
5593
5424
5991
5640
6145
5873
5833
6343
6326
6471
7165
7915
9910
6100
6492
7025
7776
7994
9243
9977
10474
11493
8199
8564
8339
9128
8665
8795
9768
11496
12810
13108
13782
15352
16296
19359
21842
23485
27723
30984
37601
49121
59037
76203
117650
181374
358185
