2543724
939042
625872
376009
227249
207770
146000
142392
100439
88748
69484
75796
70718
48553
44032
37334
34327
33858
31430
30808
44683
34581
37623
35730
63543
31927
31953
37177
33420
22522
23251
22319
20020
50821
23702
22922
32076
26187
52172
19779
18394
16598
15887
17258
15730
14656
13700
13652
14349
14763
14713
15366
13764
15577
12154
15437
10876
13720
10655
10656
13908
11660
11751
12466
11516
12217
9332
8625
9217
10492
8560
10840
14577
9441
9072
8993
7854
7226
7350
8016
7476
8376
11277
9924
7572
6457
7048
6945
7427
6935
5674
5931
5723
5552
7484
7080
5807
6378
5603
5563
4779
4919
5356
6215
5920
6854
5461
6087
4753
4869
4656
4903
4720
4863
5084
4871
5411
6331
5337
5263
5153
5193
5531
9575
4882
5505
4350
4349
4145
4529
4736
5638
4595
4432
3814
3982
4144
4323
3913
4352
4317
4340
3950
4099
3884
3650
4026
4263
4494
4547
4540
4327
4690
4602
4766
5529
4886
5915
4799
4051
4669
5382
5700
6524
5528
6092
4390
4533
4719
5310
5217
5671
6966
4086
4612
4566
4882
4546
4433
4396
4469
4745
4974
5157
5372
5384
5396
5428
5351
4835
5477
5706
5397
5069
5383
5969
5739
5850
6772
6302
6716
6687
7304
7083
7529
7231
7170
7651
7718
7913
8785
9333
10401
7810
8049
8943
9554
9747
10928
11403
11640
12324
9580
9597
9987
10460
10361
10138
11578
13578
14557
15032
15965
17902
18681
21946
24527
27340
30210
34859
41619
51451
60877
76840
107103
147883
225954
