9057
5924
4677
3892
2853
2501
2146
1946
1703
1573
1427
1337
1255
1154
1045
899
854
799
833
758
733
728
747
683
807
669
663
727
734
700
603
680
599
691
633
610
630
630
740
676
665
594
526
591
511
516
490
469
509
478
476
480
499
467
459
502
447
467
446
409
435
405
424
437
466
419
425
398
375
389
421
366
466
443
451
417
427
388
367
391
403
392
417
442
393
407
358
377
334
364
354
348
378
326
337
339
329
306
320
351
308
281
317
284
309
307
331
315
283
295
300
302
282
250
281
291
281
273
266
288
264
278
281
349
303
307
293
246
289
278
258
260
248
256
252
230
219
253
242
236
260
240
238
242
246
241
248
251
278
273
240
238
268
235
238
258
291
280
254
248
287
273
258
269
287
263
267
265
275
274
268
309
288
245
262
269
273
251
279
241
278
275
307
251
281
263
261
253
311
264
311
286
296
289
299
303
329
302
322
316
355
332
348
370
398
390
386
429
425
413
417
483
577
416
435
434
458
460
510
593
590
688
511
578
539
647
553
622
571
696
825
854
946
1040
1099
1218
1307
1533
1808
1837
2380
3065
4127
5241
9039
17047
316922
