2768027
1017986
664914
403381
247121
219436
155209
151261
108010
94458
74580
80156
75116
52270
47360
40397
36938
36223
33794
33027
47805
36913
40414
38045
69203
34234
34108
39111
35481
23916
24748
23749
21288
54544
25441
24663
33851
28022
53167
21199
18939
17870
17067
18344
16712
15694
14688
14655
15381
15877
15500
16147
14716
16320
13028
15981
11602
14315
11294
11406
14470
12455
12360
13116
11996
12532
9874
9205
9694
10988
9133
11467
14669
9855
9476
9349
8315
7581
7718
8458
7918
8853
11337
10033
7903
6701
7405
7213
7730
7197
6026
6294
6085
5888
7690
7360
6121
6629
5799
5723
5120
5340
5673
6484
6287
7224
5730
6435
5016
5280
4943
5237
5110
5122
5462
5242
5690
6507
5726
5651
5421
5611
5942
9414
5269
5713
4643
4623
4450
4806
5045
5925
4831
4738
4156
4308
4265
4575
4309
4572
4619
4569
4190
4358
4208
3806
4331
4537
4807
4867
4842
4572
4932
4897
5021
5713
5081
6072
5129
4274
4965
5732
5898
6660
5832
6135
4633
4915
4994
5590
5485
5818
6987
4366
4875
4817
5112
4750
4798
4690
4826
5041
5426
5579
5688
5662
5733
5758
5558
5108
5889
6135
5569
5416
5822
6375
6046
6226
7203
6677
7110
7012
7778
7521
8016
7565
7589
8031
8152
8419
9173
9695
10524
8404
8409
9387
10109
10312
11250
11744
11894
12504
9841
9989
10450
10823
10956
10618
11979
14103
15063
15508
16572
18472
19197
22780
25062
28064
30707
35897
42134
51557
60256
75610
101501
135363
191749
