1676060
639366
467295
269768
152705
160787
110542
106810
70897
66774
50488
57520
54450
35392
32058
26269
24560
24475
22546
22028
31995
25556
27052
26704
42064
22959
23586
29624
24723
17392
17743
16596
15479
35949
17177
16383
24168
18917
47700
14350
16253
11986
11094
13415
11903
10613
9913
9624
10219
10066
10843
12371
10127
12487
8995
13200
7890
10878
8909
7471
12052
8543
9310
9754
9135
11112
7222
6341
7435
8159
6502
8384
14366
7780
7535
7512
5962
6059
5832
5939
5660
6309
11233
9854
6171
5410
5766
6012
6107
6081
4577
4495
4334
4401
6572
6017
4410
5429
5088
4680
3516
3407
4171
4904
4530
5610
4041
4802
3515
3539
3416
3483
3422
3380
3723
3385
4281
5554
3895
3694
4019
3631
3826
9596
3368
4438
3280
3277
3077
3462
3259
4529
3767
3396
2844
2931
3062
2973
2768
3262
3300
3091
2915
2951
2751
2748
2856
3111
3163
3025
3275
2935
3613
3608
3866
5092
3653
5560
3392
2929
3205
3796
4535
5801
4334
6042
3541
3357
3311
3882
3916
4610
7296
3120
3351
3510
4100
3483
3088
3368
2912
3243
3524
3365
3680
3838
3675
3895
4162
3738
4244
3701
4213
3585
4119
3982
4140
4041
4752
4551
4874
4964
5375
4928
5521
5247
5153
5770
5646
5821
6299
7147
9494
5371
5880
6206
6857
7164
8210
9123
9675
10951
7431
7905
7491
8374
7857
8085
8837
10353
12002
12088
12711
14211
14990
17839
20184
21647
26073
28416
34915
46352
56536
73455
117983
191146
431430
