931730
398699
304643
185073
108269
109256
79269
75339
52720
49368
38352
41017
39785
27942
24577
20673
18956
18353
17438
16310
21775
18616
19459
18858
27202
17598
17395
21617
18603
14090
13996
13062
12186
23165
13130
12302
17188
14031
31473
13232
13869
10410
9126
10368
9403
8710
7989
7549
8092
7685
8131
9362
7977
9192
7202
9862
6623
8237
7334
6083
9259
6734
7268
7468
7254
8586
6089
5425
5969
6460
5492
6514
11220
6662
6251
6091
5080
5137
4888
4791
4677
5044
8823
7868
5476
4983
4871
5094
4850
5119
4082
3953
3625
3548
5145
4804
3788
4416
4323
4044
3074
3006
3335
3948
3583
4378
3444
3897
3015
2968
2834
2775
2868
2707
2967
2796
3278
4150
3087
3078
3186
2974
2959
7075
3132
3591
2882
2728
2525
2949
2539
3558
3098
2812
2517
2382
2550
2364
2254
2560
2624
2514
2374
2367
2294
2213
2298
2425
2488
2406
2542
2256
2751
2803
3037
4061
2885
4433
2767
2457
2617
3012
3534
4391
3447
4914
3006
2883
2661
2994
2932
3532
5713
2794
2750
2874
3403
2806
2544
2793
2379
2559
2818
2591
2763
3040
2882
2959
3160
3007
3374
2974
3198
2821
3244
3015
3211
3088
3636
3535
3698
3937
4209
3700
4229
4035
3915
4383
4366
4539
4828
5428
7766
4229
4484
4799
5141
5543
6180
7186
7704
8810
5817
6279
5836
6713
6225
6323
6869
8011
9694
9632
10088
11536
12025
14071
15855
17401
21044
22223
27806
37269
46160
60482
101275
174348
538827
