212
166
134
129
93
88
74
76
65
68
54
58
57
45
36
37
42
35
33
47
34
38
35
33
50
29
27
27
27
44
34
33
32
33
34
36
27
32
27
21
22
25
29
24
25
24
30
26
28
20
20
32
19
19
21
31
18
25
19
32
23
18
23
21
25
30
29
21
20
16
39
10
24
19
27
26
22
16
18
18
36
11
24
35
31
25
24
22
8
25
10
23
23
22
26
28
24
25
29
15
20
25
25
14
18
21
16
12
25
17
20
20
26
20
25
23
25
18
20
14
22
19
27
25
19
18
12
18
24
25
10
25
16
25
15
10
15
13
21
17
15
22
30
12
14
25
24
21
25
19
26
23
19
27
21
18
19
22
18
28
19
26
17
20
20
25
27
27
27
24
19
20
20
23
17
18
20
21
31
14
13
27
26
22
18
27
22
24
18
31
37
29
24
13
18
21
27
29
27
33
28
23
33
39
38
29
27
30
34
41
37
38
46
26
42
45
42
33
56
44
54
54
51
52
55
56
64
49
49
53
57
82
87
93
113
95
126
133
161
171
198
289
313
425
722
1509
119073
