2166784
806997
558565
329766
193938
187918
130422
127070
87465
79110
60970
68162
63567
42532
38569
32319
29878
29851
27396
26904
39346
30663
32930
31773
54120
28021
28233
33825
29653
20268
20778
19863
17883
44476
20906
19920
28779
23123
50485
17244
17456
14463
13824
15518
14044
12849
12019
11890
12515
12693
13128
14050
12178
14297
10775
14452
9553
12562
9796
9244
13092
10301
10713
11233
10599
11695
8408
7636
8406
9487
7651
9858
14388
8752
8367
8414
7053
6744
6691
7117
6650
7592
11198
9917
6900
6012
6440
6566
6823
6477
5144
5336
5128
5038
7085
6676
5221
5977
5269
5153
4213
4245
4853
5642
5298
6269
4816
5553
4323
4239
4198
4257
4065
4212
4490
4217
4973
6081
4728
4539
4668
4465
4783
9686
4198
5097
3892
3945
3672
4016
4127
5153
4224
3941
3379
3467
3737
3810
3337
3955
3908
3857
3489
3570
3317
3326
3592
3781
3840
3922
4008
3748
4230
4181
4331
5246
4469
5707
4245
3603
4009
4678
5270
6262
5093
5997
4088
3922
4104
4749
4717
5297
7045
3672
4133
4095
4540
4055
3915
3893
3858
4179
4292
4328
4726
4710
4680
4807
4893
4381
4865
4816
5014
4443
4798
5135
5130
5083
5933
5553
6143
5922
6470
6224
6711
6407
6393
6900
6860
7089
7878
8522
10154
6779
7096
7807
8562
8760
9975
10625
10955
11936
8838
8983
9035
9729
9351
9344
10510
12396
13533
13959
14644
16504
17333
20507
23133
25176
28885
32822
39589
50544
60359
77294
114731
169194
300089
