105717
57029
46840
33869
22813
20698
16261
14980
12499
11455
9573
9332
8905
7578
6635
5864
5341
4963
4995
4533
4914
4567
4758
4446
5483
4694
4283
4774
4712
4125
4030
3757
3659
4632
3808
3629
4018
3791
5314
3999
4004
3356
3084
3137
2878
2841
2708
2538
2712
2570
2445
2586
2408
2523
2408
2630
2208
2449
2402
2211
2471
2118
2251
2245
2194
2335
2186
1971
2053
2014
1929
1955
2661
2302
2220
2091
1898
1883
1815
1770
1710
1767
2467
2237
2019
1971
1869
1858
1569
1808
1523
1621
1419
1477
1594
1681
1474
1502
1557
1543
1319
1267
1271
1380
1346
1407
1303
1382
1289
1277
1192
1152
1231
1108
1180
1118
1135
1257
1192
1147
1089
1111
1126
1660
1295
1240
1177
1135
1085
1129
1068
1175
1129
1096
1072
951
1026
1006
994
998
1028
1034
950
1020
1023
942
897
990
1010
963
930
895
1027
1006
1010
1186
1083
1192
1035
1018
1086
1156
1115
1291
1171
1378
1221
1148
1056
1153
1094
1178
1409
1149
1107
1081
1199
1119
1067
1085
1065
1064
1147
1054
1006
1097
1089
1110
1179
1057
1250
1221
1212
1143
1289
1156
1234
1191
1316
1283
1374
1371
1507
1465
1637
1505
1589
1609
1572
1628
1806
1949
2607
1726
1682
1743
1858
2020
2136
2428
2608
3133
2206
2292
2103
2467
2243
2356
2486
2963
3277
3511
3675
4229
4572
4997
5608
6397
7436
8094
9816
13515
17070
22299
37814
68616
515542
