2242548
833456
572229
339141
200585
191936
133562
130178
90083
81067
62703
69759
64977
43730
39652
33324
30779
30673
28195
27718
40437
31453
33863
32549
56027
28817
28979
34503
30433
20721
21269
20376
18278
45744
21508
20511
29470
23747
50820
17762
17643
14905
14258
15852
14400
13207
12368
12249
12892
13127
13453
14327
12506
14565
11048
14645
9817
12813
9938
9534
13236
10586
10915
11494
10782
11786
8597
7842
8576
9700
7838
10075
14410
8895
8512
8523
7214
6840
6830
7284
6823
7772
11200
9909
7022
6120
6550
6646
6939
6585
5259
5445
5269
5117
7163
6754
5351
6065
5317
5259
4337
4373
4944
5750
5427
6377
4959
5667
4434
4354
4300
4394
4188
4347
4612
4351
5061
6142
4861
4685
4754
4614
4953
9669
4338
5190
3980
4018
3767
4113
4273
5250
4310
4020
3470
3553
3828
3925
3450
4031
4008
3963
3577
3690
3414
3389
3703
3881
3992
4043
4111
3883
4326
4262
4408
5300
4563
5727
4358
3696
4159
4835
5375
6314
5186
6022
4136
4027
4237
4882
4828
5365
7020
3767
4260
4197
4588
4140
4035
3984
3991
4293
4424
4496
4874
4860
4832
4937
4981
4458
4986
5004
5124
4558
4894
5331
5261
5255
6105
5691
6298
6091
6636
6396
6887
6576
6577
7045
7041
7278
8064
8691
10240
6993
7286
8090
8766
8976
10192
10803
11112
12040
9011
9091
9266
9871
9562
9522
10752
12675
13749
14214
14908
16841
17628
20807
23492
25701
29223
33288
40114
50864
60591
77361
113459
164952
283307
