2468646
912686
612565
366854
220599
203851
142914
139381
97875
86829
67792
74313
69273
47344
42925
36339
33454
33067
30625
30054
43635
33803
36685
34927
61668
31156
31207
36516
32694
22064
22754
21862
19576
49547
23159
22314
31458
25567
51828
19282
18217
16165
15496
16907
15408
14289
13374
13300
13974
14372
14409
15111
13453
15329
11884
15231
10608
13503
10458
10395
13742
11386
11543
12233
11333
12103
9151
8433
9067
10315
8377
10661
14520
9306
8944
8861
7700
7131
7222
7844
7320
8224
11243
9910
7443
6384
6922
6866
7314
6854
5565
5804
5610
5441
7403
6992
5696
6304
5522
5507
4675
4785
5247
6102
5797
6739
5347
5988
4681
4736
4562
4777
4581
4753
4956
4748
5327
6284
5224
5109
5055
5045
5397
9611
4751
5427
4258
4274
4037
4428
4629
5534
4523
4334
3716
3864
4074
4223
3789
4276
4229
4251
3858
4019
3766
3590
3950
4175
4373
4420
4432
4232
4592
4522
4677
5460
4817
5873
4679
3967
4546
5258
5628
6482
5435
6076
4323
4410
4603
5226
5108
5600
6977
4001
4542
4463
4803
4453
4327
4288
4358
4631
4832
5006
5249
5252
5276
5310
5258
4742
5350
5538
5334
4947
5234
5822
5631
5726
6612
6130
6613
6563
7141
6904
7389
7072
7059
7496
7552
7767
8603
9191
10368
7617
7879
8767
9337
9568
10777
11272
11525
12261
9451
9477
9825
10325
10164
9968
11386
13385
14371
14845
15725
17651
18447
21667
24336
26971
30001
34520
41282
51365
60943
77073
108835
152185
239020
