445104
211340
166522
108347
67229
63901
48402
45464
34551
31471
25652
26089
25056
19197
16836
14541
13172
12158
12000
11152
13271
12046
12535
11767
16254
11809
11173
13495
12279
9867
9696
9103
8506
13476
8927
8540
10928
9389
17113
9859
9737
7836
6872
7127
6774
6461
5899
5501
5898
5534
5635
6262
5594
6076
5224
6337
4922
5651
5324
4543
6133
4846
5131
5211
5144
5651
4602
4068
4332
4470
4101
4642
7065
5084
4641
4463
3912
3887
3684
3591
3609
3702
5874
5400
4174
3888
3763
3803
3580
3741
3160
3156
2840
2825
3524
3566
2888
3148
3222
3055
2475
2365
2510
2870
2719
3110
2612
2977
2467
2380
2277
2124
2196
2076
2312
2165
2282
2816
2300
2364
2272
2204
2237
4344
2519
2702
2345
2203
2038
2247
2043
2537
2289
2202
1988
1904
2013
1828
1819
1920
2003
1946
1859
1842
1829
1739
1755
1881
1867
1830
1856
1699
2042
1985
2147
2723
2113
2956
2095
1896
2066
2222
2467
2974
2523
3319
2272
2228
2108
2277
2172
2530
3593
2292
2157
2279
2563
2073
1999
2059
1893
2001
2148
1993
2038
2220
2186
2164
2305
2207
2534
2306
2365
2173
2458
2324
2337
2317
2704
2646
2694
2841
3098
2795
3208
3028
2923
3130
3285
3376
3577
3913
5676
3188
3385
3472
3776
4096
4396
5246
5483
6445
4367
4657
4269
4946
4596
4744
5071
5860
6969
7127
7501
8487
8998
10303
11587
12914
15403
16321
20474
27555
34327
45066
76246
134098
570282
