2693312
991652
652002
394256
240516
215531
152148
148311
105482
92564
72889
78725
73633
51024
46247
39379
36061
35427
33011
32292
46779
36134
39476
37289
67317
33477
33394
38455
34794
23449
24254
23277
20864
53301
24876
24096
33254
27416
52838
20727
18758
17440
16686
17984
16387
15352
14360
14327
15034
15510
15241
15874
14393
16089
12735
15805
11355
14112
11087
11161
14288
12199
12158
12902
11840
12429
9684
9024
9538
10818
8936
11261
14647
9725
9340
9228
8155
7468
7594
8319
7765
8697
11313
9996
7789
6620
7289
7133
7639
7099
5911
6160
5970
5780
7631
7260
6011
6533
5743
5670
5007
5202
5570
6399
6157
7096
5647
6312
4927
5150
4836
5135
4979
5043
5335
5124
5585
6450
5593
5521
5338
5481
5803
9462
5146
5634
4549
4531
4346
4720
4950
5841
4747
4630
4038
4203
4236
4498
4161
4510
4522
4501
4096
4279
4107
3748
4216
4445
4725
4761
4744
4483
4860
4794
4946
5667
5004
6016
5025
4204
4868
5616
5834
6616
5748
6120
4533
4803
4900
5495
5414
5759
6978
4269
4773
4736
5042
4687
4655
4592
4731
4936
5272
5440
5588
5579
5607
5660
5488
5024
5751
5993
5507
5291
5684
6256
5926
6114
7077
6564
6969
6901
7618
7392
7848
7466
7432
7922
8011
8242
9059
9588
10454
8221
8304
9250
9911
10135
11161
11623
11810
12454
9753
9895
10279
10719
10755
10461
11875
13931
14881
15361
16393
18295
19030
22529
24887
27846
30538
35598
41985
51553
60516
76113
103405
139512
202580
