1773535
671356
485797
281085
160073
166340
114253
110696
73863
69059
52306
59607
56172
36615
33216
27300
25486
25439
23385
22921
33466
26510
28175
27681
44327
23874
24453
30438
25600
17891
18293
17190
15897
37610
17861
16997
25081
19711
48548
14771
16492
12377
11554
13824
12297
10992
10276
10014
10616
10533
11272
12717
10480
12855
9313
13462
8173
11218
9062
7758
12291
8842
9605
10000
9436
11249
7410
6574
7594
8397
6708
8657
14387
7967
7677
7708
6137
6183
5994
6153
5826
6561
11274
9901
6300
5478
5902
6131
6259
6148
4682
4630
4478
4531
6689
6154
4519
5560
5132
4756
3606
3547
4314
5033
4677
5708
4168
4935
3659
3687
3571
3621
3504
3522
3871
3532
4432
5670
4048
3838
4149
3761
3992
9662
3496
4584
3383
3404
3203
3554
3426
4628
3856
3490
2923
3032
3181
3128
2866
3417
3417
3211
3019
3049
2845
2870
2986
3253
3271
3157
3411
3065
3725
3729
3968
5102
3801
5608
3556
3053
3341
3941
4673
5916
4486
6028
3675
3456
3462
4017
4091
4762
7272
3205
3516
3605
4179
3601
3227
3464
3074
3413
3655
3535
3874
3983
3850
4072
4324
3858
4359
3899
4372
3742
4265
4165
4329
4243
4966
4734
5135
5110
5596
5180
5746
5466
5393
5989
5912
6035
6604
7438
9651
5630
6077
6505
7175
7448
8584
9442
9981
11159
7706
8136
7799
8649
8151
8333
9192
10801
12276
12474
13093
14635
15453
18404
20783
22310
26733
29415
35943
47476
57561
74664
118287
188484
404830
