#Genomes with additional copies compared to other genomes
#Homology group identifier, number of additional copies compared to the lowest number in a homology group (at least 1).

#Genome 1
Core
 5033061, 1

Accessory
 5030033, 1
 5030036, 1
 5030603, 1
 5030915, 1
 5031096, 1
 5031468, 1
 5031675, 1
 5031878, 1
 5032097, 1
 5032617, 1

#Genome 2
Core
 5030529, 1
 5034640, 1

Accessory
 5029657, 1
 5030032, 1
 5030863, 1
 5031260, 1
 5031293, 4
 5031294, 4
 5031631, 1
 5031878, 1
 5034344, 1
 5035806, 1
 5036424, 1
 5036534, 4
 5036535, 4
 5036565, 1

#Genome 3
Core

Accessory
 5030032, 1
 5031316, 1
 5031943, 1
 5033218, 1
 5037093, 1
 5037248, 1

#Genome 4
Core
 5031189, 1

Accessory
 5032648, 1
 5033046, 1
 5033218, 1
 5035514, 1
 5036626, 1
 5037664, 1

#Genome 5
Core
 5031135, 1
 5033690, 1

Accessory
 5029878, 1
 5030033, 1
 5031475, 1
 5031630, 1
 5037437, 1
 5037859, 4
 5037860, 4
 5037885, 1

#Genome 6
Core
 5035470, 1

Accessory
 5030859, 1
 5031093, 1
 5031241, 1
 5031332, 1
 5031943, 1
 5032836, 1
 5033536, 1
 5034681, 1
 5035587, 1
 5036311, 1
 5036315, 1
 5037846, 1
 5037859, 6
 5037860, 6

#Genome 7
Core

Accessory
 5031943, 1
 5032836, 1
 5036315, 1

#Genome 8
Core
 5033690, 1
 5034314, 1

Accessory
 5029818, 1
 5030035, 1
 5030914, 1
 5031878, 1
 5031944, 1
 5033046, 1
 5033218, 1
 5033727, 1
 5034288, 1
 5037127, 1
 5037325, 1
 5038591, 1

#Genome 9
Core
 5032957, 1

Accessory
 5030032, 1
 5030863, 1
 5031293, 4
 5031294, 4
 5031631, 1
 5031878, 1
 5036424, 1
 5036534, 4
 5036535, 4
 5036565, 1

#Genome 10
Core
 5030934, 1
 5033061, 1

Accessory
 5030032, 1
 5030033, 1
 5030634, 1
 5031036, 1
 5031468, 1
 5031503, 1
 5031878, 1
 5031945, 1
 5033218, 1
 5034391, 1
 5036299, 1
 5037247, 2
 5037248, 3
 5038737, 1

#Genome 11
Core
 5032782, 1
 5032957, 1
 5035178, 1
 5035181, 1
 5035207, 1
 5035212, 1
 5035213, 1

Accessory
 5031083, 1
 5033046, 1
 5034345, 1
 5035179, 1
 5035186, 1
 5035195, 1
 5035200, 1
 5035201, 1
 5035210, 1
 5035217, 1
 5035222, 1
 5037246, 7
 5037249, 7
 5037846, 1

#Genome 12
Core

Accessory
 5030032, 1
 5031094, 1
 5031317, 1
 5031947, 1
 5032697, 1
 5033533, 1
 5033954, 1
 5036315, 1
 5037093, 1

#Genome 13
Core

Accessory
 5030032, 1
 5030863, 1
 5031293, 4
 5031294, 4
 5031631, 1
 5031878, 1
 5036424, 1
 5036534, 4
 5036535, 4
 5036565, 1

#Genome 14
Core
 5035675, 1

Accessory
 5030038, 1
 5030044, 1
 5031457, 1
 5031878, 1
 5031956, 1
 5032204, 1
 5032265, 1
 5034065, 1

#Genome 15
Core

Accessory
 5031943, 1
 5032836, 1
 5036315, 1

#Genome 16
Core
 5033061, 1

Accessory
 5030025, 1
 5031651, 1
 5031878, 1
 5032686, 1
 5032701, 1
 5033218, 1

#Genome 17
Core

Accessory
 5030032, 1
 5031352, 1
 5031416, 1
 5031429, 1
 5032622, 1
 5034579, 1
 5036750, 4
 5037768, 1
 5037775, 1
 5037777, 1
 5038793, 4
 5039620, 1
 5039740, 1

#Genome 18
Core
 5032957, 1
 5033061, 1
 5034143, 1
 5035234, 1

Accessory
 5029464, 1
 5030041, 1
 5030605, 1
 5031959, 1
 5032438, 1
 5036311, 1
 5037325, 1
 5038782, 1

#Genome 19
Core
 5030143, 1

Accessory
 5030032, 1
 5030863, 1
 5031293, 4
 5031294, 4
 5031631, 1
 5031878, 1
 5032438, 3
 5036424, 1
 5036534, 4
 5036535, 4
 5036565, 1
 5036596, 2

#Genome 20
Core

Accessory
 5030032, 1
 5030035, 1
 5030860, 1
 5031036, 1
 5031944, 1
 5032367, 1
 5033218, 1
 5035162, 1
 5035775, 1
 5036742, 1
 5036750, 1
 5037246, 4
 5037248, 4

#Genome 21
Core
 5034143, 1

Accessory
 5030033, 2
 5031093, 1
 5031943, 1
 5032836, 1
 5036328, 1
 5037846, 2

#Genome 22
Core

Accessory
 5030033, 1
 5030036, 1
 5030603, 1
 5030915, 1
 5031468, 1
 5031675, 1
 5031878, 1
 5032097, 1
 5032267, 1
 5032617, 1

#Genome 23
Core
 5033061, 1
 5035357, 1

Accessory
 5031943, 1
 5032485, 1

#Genome 24
Core
 5030138, 1
 5031222, 1

Accessory
 5029878, 1
 5030033, 1
 5030867, 1
 5031475, 1
 5036328, 1
 5037437, 1
 5037859, 3
 5037860, 3
 5037885, 1
 5037907, 1

#Genome 25
Core

Accessory
 5030035, 1
 5030859, 1
 5031093, 1
 5031473, 1
 5031475, 1
 5031878, 1
 5032617, 1
 5034016, 1
 5036626, 1

#Genome 26
Core
 5034586, 1

Accessory
 5033817, 1
 5036743, 1

#Genome 27
Core
 5033063, 1

Accessory
 5029879, 1
 5030035, 1
 5031872, 1
 5031878, 1
 5032443, 1
 5034484, 1
 5036424, 3
 5037733, 1

#Genome 28
Core

Accessory
 5030032, 1
 5030953, 1
 5031241, 1
 5031300, 1
 5031943, 1
 5032836, 1
 5033046, 1
 5033585, 1
 5037093, 1
 5037664, 1
 5037736, 1
 5041004, 1

#Genome 29
Core
 5033063, 1

Accessory
 5029679, 1
 5030032, 1
 5030035, 1
 5030860, 1
 5031036, 1
 5031944, 1
 5033218, 1
 5035775, 1
 5036742, 1
 5036750, 1
 5037246, 4
 5037248, 4
 5040210, 1

#Genome 30
Core

Accessory
 5030040, 1
 5030663, 1
 5032836, 1
 5034938, 1
 5035700, 1
 5036315, 1

#Genome 31
Core

Accessory
 5031943, 1
 5032836, 1
 5036315, 1

#Genome 32
Core

Accessory
 5030036, 2
 5030049, 1
 5030566, 1
 5030603, 1
 5031093, 1
 5031298, 1
 5031879, 1
 5031943, 1
 5036315, 1
 5036328, 1
 5036742, 16
 5036750, 16
 5037111, 1
 5039277, 1
 5041145, 1

#Genome 33
Core

Accessory
 5030032, 1
 5030273, 1
 5031946, 1
 5036315, 1
 5036743, 1
 5037437, 1
 5039020, 1

#Genome 34
Core
 5033061, 1
 5034677, 1

Accessory
 5030049, 1
 5030879, 1
 5031293, 1
 5031294, 1
 5031318, 1
 5031952, 1
 5033533, 1
 5034678, 1
 5037094, 1
 5041327, 1
 5041355, 1

#Genome 35
Core
 5033011, 1
 5033014, 1

Accessory
 5030032, 1
 5030386, 1
 5030860, 2
 5031093, 1
 5031241, 1
 5031943, 1
 5032836, 1
 5033012, 1
 5033046, 1
 5035111, 1
 5035587, 1
 5035803, 1
 5035824, 1
 5035829, 1
 5036124, 1
 5036977, 1
 5041004, 1
 5041526, 1

#Genome 36
Core

Accessory
 5030032, 1
 5030035, 1
 5031298, 1
 5032725, 1
 5036742, 5
 5036750, 5
 5037248, 1
 5041552, 1

#Genome 37
Core
 5032191, 1

Accessory
 5030459, 1
 5031947, 1
 5032267, 1
 5033547, 1
 5034727, 1
 5035695, 1
 5035826, 1
 5035827, 1
 5036306, 1
 5036424, 1

#Genome 38
Core

Accessory
 5029877, 1
 5029989, 1
 5030032, 1
 5030859, 1
 5031561, 1
 5031943, 1
 5032122, 1
 5033533, 1
 5033644, 2
 5033954, 1
 5035677, 1
 5035688, 1
 5036427, 1
 5039262, 1

#Genome 39
Core

Accessory
 5030035, 1
 5030042, 1
 5032098, 1
 5037859, 3
 5037860, 3

#Genome 40
Core
 5033736, 1
 5034136, 1

Accessory
 5030602, 1
 5031036, 1
 5031946, 1
 5033264, 1
 5033533, 1
 5035348, 1
 5035479, 1
 5036743, 2
 5036750, 1
 5037665, 1

#Genome 41
Core
 5033061, 1
 5033128, 1
 5034222, 1

Accessory
 5030032, 1
 5030035, 1
 5031878, 1
 5031944, 1
 5032588, 1
 5032648, 1
 5033218, 1
 5033533, 1
 5034083, 1
 5036781, 1
 5037246, 4
 5037248, 4
 5038265, 1
 5041909, 1

#Genome 42
Core
 5032956, 1
 5032957, 1
 5032958, 1
 5033036, 2
 5033059, 1
 5033128, 1
 5033494, 2

Accessory
 5030036, 2
 5031379, 1
 5031878, 1
 5033497, 2
 5037246, 1
 5037249, 1
 5037859, 2
 5037860, 2

#Genome 43
Core
 5031236, 1
 5033487, 1
 5035052, 1
 5035271, 1
 5035771, 1

Accessory
 5030038, 1
 5031508, 1
 5031878, 1
 5031944, 1
 5033046, 1
 5035221, 1
 5036426, 3
 5037304, 1
 5037325, 1

#Genome 44
Core
 5034616, 1

Accessory
 5030032, 1
 5030035, 1
 5031630, 1
 5031878, 1
 5031943, 1
 5037133, 2
 5038478, 3
 5040881, 2

#Genome 45
Core

Accessory
 5030914, 1
 5031944, 1
 5037325, 1

#Genome 46
Core

Accessory
 5030032, 1
 5030049, 1
 5030421, 1
 5030442, 1
 5030602, 1
 5031293, 1
 5031294, 1
 5031320, 1
 5031952, 1
 5034016, 1
 5034342, 1
 5034579, 1
 5034970, 1
 5036978, 1
 5037097, 1
 5037943, 1
 5041327, 1

#Genome 47
Core
 5035583, 1
 5035741, 1

Accessory
 5029990, 1
 5030032, 1
 5031093, 1
 5035588, 1
 5035629, 1
 5037859, 8
 5037860, 8

#Genome 48
Core

Accessory
 5030032, 1
 5030033, 1
 5030602, 1
 5030859, 1
 5031093, 1
 5031878, 1
 5031943, 1
 5036328, 1
 5037859, 4
 5037860, 4
 5042445, 1

#Genome 49
Core

Accessory
 5030055, 1
 5030603, 1
 5031943, 1
 5032013, 1
 5034484, 1
 5034728, 1
 5036424, 1
 5037247, 2
 5037248, 3

#Genome 50
Core

Accessory
 5029877, 1
 5030548, 1
 5031561, 1
 5031619, 1
 5031945, 1
 5035998, 1
 5037859, 6
 5037860, 6
 5039266, 1

#Genome 51
Core

Accessory
 5029878, 1
 5030038, 1
 5031093, 1
 5031879, 1
 5031943, 1
 5033533, 1
 5034681, 1
 5035235, 1
 5035322, 1
 5036264, 1
 5036743, 2
 5036750, 2
 5037179, 1
 5037313, 1

#Genome 52
Core
 5033061, 1

Accessory
 5030032, 1
 5030035, 1
 5030860, 1
 5031036, 1
 5033218, 1
 5035775, 1
 5035805, 1
 5036742, 1
 5036746, 1
 5036750, 1
 5037011, 1
 5037246, 5
 5037248, 5
 5040210, 1

#Genome 53
Core
 5032191, 1
 5034091, 1

Accessory
 5030032, 1
 5030876, 1
 5031093, 1
 5031300, 1
 5031943, 1
 5032836, 1
 5033046, 1
 5033533, 1
 5033817, 1
 5033954, 1
 5036315, 1
 5036328, 1

#Genome 54
Core
 5034340, 1

Accessory
 5029630, 1
 5030032, 1
 5031093, 1
 5031943, 1
 5032836, 1
 5033046, 1
 5035322, 1
 5036743, 2
 5036744, 2
 5036750, 2
 5037179, 1
 5037827, 1
 5039148, 1
 5043223, 1

#Genome 55
Core

Accessory
 5029877, 1
 5031561, 1
 5031619, 1
 5031945, 1
 5037859, 6
 5037860, 6
 5039266, 1

#Genome 56
Core
 5033061, 1

Accessory
 5030033, 1
 5030036, 1
 5030603, 1
 5030915, 1
 5031096, 1
 5031468, 1
 5031675, 1
 5031878, 1
 5032097, 1
 5032617, 1

#Genome 57
Core
 5033063, 1

Accessory
 5030032, 1
 5030035, 1
 5030860, 1
 5031036, 1
 5032367, 1
 5033218, 1
 5035162, 1
 5035775, 1
 5036742, 1
 5036750, 1
 5037246, 4
 5037248, 4

#Genome 58
Core
 5030973, 1
 5031982, 1
 5032452, 1
 5032957, 1
 5034135, 1
 5034136, 2
 5035406, 1

Accessory
 5031093, 1
 5031943, 1
 5032446, 1
 5032836, 1
 5033218, 1
 5035111, 1
 5035407, 1
 5035409, 1
 5035824, 1
 5037507, 1
 5039224, 1

#Genome 59
Core

Accessory
 5030033, 1
 5030864, 1
 5031093, 1
 5031300, 1
 5031349, 1
 5031943, 1
 5032783, 1
 5032836, 1
 5033749, 1
 5034367, 1
 5035498, 1
 5036315, 1
 5037093, 1
 5037334, 1
 5037664, 1
 5037720, 1
 5041004, 1

#Genome 60
Core
 5035675, 1

Accessory
 5030038, 1
 5030044, 1
 5031457, 1

#Genome 61
Core

Accessory
 5031943, 1
 5032836, 1
 5036315, 1

#Genome 62
Core
 5031982, 1

Accessory
 5030033, 1
 5031946, 1
 5033533, 1
 5036743, 1
 5036781, 1

#Genome 63
Core
 5033061, 1

Accessory
 5030033, 1
 5030036, 1
 5030603, 1
 5030915, 1
 5031096, 1
 5031468, 1
 5031675, 1
 5031878, 1
 5032097, 1
 5032617, 1

#Genome 64
Core
 5033063, 1

Accessory
 5029679, 1
 5030032, 1
 5030035, 1
 5030860, 1
 5031036, 1
 5033218, 1
 5035775, 1
 5036742, 1
 5036750, 1
 5037246, 4
 5037248, 4
 5040210, 1

#Genome 65
Core

Accessory
 5029976, 1
 5031474, 5
 5031475, 5

#Genome 66
Core

Accessory
 5031943, 1
 5032836, 1
 5035348, 1
 5036315, 1

#Genome 67
Core

Accessory
 5030032, 1
 5031475, 1
 5031878, 1
 5031969, 1
 5033218, 1
 5036328, 1
 5039263, 1

#Genome 68
Core
 5033061, 1

Accessory
 5030033, 1
 5030036, 1
 5030603, 1
 5030915, 1
 5031096, 1
 5031468, 1
 5031675, 1
 5031878, 1
 5032097, 1
 5032617, 1

#Genome 69
Core
 5033584, 1

Accessory
 5030032, 1
 5030863, 1
 5031293, 4
 5031294, 4
 5031631, 1
 5031878, 1
 5036424, 1
 5036534, 4
 5036535, 4
 5036565, 1

#Genome 70
Core
 5033061, 1
 5035234, 1

Accessory
 5029455, 1
 5030424, 1
 5030602, 1
 5030859, 1
 5031675, 1
 5031878, 1
 5031943, 1
 5032070, 1
 5034681, 1
 5036929, 1
 5037859, 2
 5037860, 2
 5043940, 1

#Genome 71
Core
 5033128, 1

Accessory
 5029876, 1
 5030032, 2
 5031093, 1
 5031614, 1
 5031879, 1
 5031943, 1
 5033533, 1
 5035322, 1
 5036264, 1
 5036315, 1
 5036743, 2
 5036750, 2
 5037179, 1
 5037440, 1
 5037664, 1
 5043990, 1

#Genome 72
Core

Accessory
 5030035, 1
 5031878, 1
 5031943, 1
 5036429, 1
 5037136, 2
 5037144, 2
 5044107, 2

#Genome 73
Core
 5035583, 1
 5035741, 1

Accessory
 5029820, 1
 5029990, 1
 5030032, 1
 5030878, 1
 5035588, 1
 5037859, 8
 5037860, 8

#Genome 74
Core
 5030138, 1

Accessory
 5030032, 1
 5030033, 1
 5031093, 1
 5031241, 1
 5031943, 1
 5032617, 1
 5032836, 1
 5033046, 1
 5033533, 1
 5035804, 1
 5038591, 1

#Genome 75
Core

Accessory
 5030025, 1
 5030032, 1
 5031379, 1
 5031606, 1
 5031613, 1
 5035449, 1
 5035806, 1

#Genome 76
Core

Accessory
 5031943, 1
 5032836, 1
 5035348, 1
 5036315, 1

#Genome 77
Core

Accessory
 5031943, 1
 5032836, 1
 5035348, 1
 5036315, 1

#Genome 78
Core
 5033724, 1
 5035675, 1

Accessory
 5030032, 1
 5030035, 1
 5030862, 1
 5031878, 1
 5032648, 1
 5033533, 1
 5033545, 1
 5035349, 1
 5036742, 1
 5036750, 1
 5037301, 1
 5039433, 1

#Genome 79
Core
 5034565, 1

Accessory
 5029577, 1
 5029741, 1
 5030032, 1
 5030033, 1
 5031093, 1
 5033046, 1
 5033533, 1
 5035792, 1
 5035803, 1
 5035804, 1
 5035826, 1
 5035827, 1
 5036594, 1

#Genome 80
Core
 5031272, 1

Accessory
 5029608, 1
 5030032, 1
 5030035, 1
 5030604, 1
 5030868, 1
 5030888, 1
 5031954, 1
 5034822, 1
 5034938, 1
 5036565, 1
 5037246, 7
 5037249, 7

#Genome 81
Core
 5033919, 1
 5035583, 1
 5035741, 1

Accessory
 5029990, 1
 5030032, 1
 5030058, 1
 5030878, 1
 5035588, 1
 5035629, 1
 5037859, 8
 5037860, 8

#Genome 82
Core
 5033061, 1

Accessory
 5030033, 1
 5030036, 1
 5030349, 1
 5030603, 1
 5030915, 1
 5031096, 1
 5031336, 1
 5031468, 1
 5031675, 1
 5031878, 1
 5032097, 1
 5032617, 1

#Genome 83
Core
 5034222, 2
 5034223, 1
 5034224, 1
 5034233, 1
 5034262, 1
 5034299, 1

Accessory
 5030032, 1
 5030859, 1
 5031093, 1
 5031946, 1
 5033046, 1
 5033533, 1
 5034202, 1
 5034204, 1
 5034225, 1
 5034234, 1
 5034235, 1
 5034239, 1
 5034261, 1
 5034263, 1
 5034484, 1
 5035057, 1
 5036541, 1
 5036743, 2
 5036750, 1
 5036781, 1
 5037246, 1
 5037248, 1
 5044681, 1

#Genome 84
Core

Accessory
 5029932, 1
 5030032, 1
 5030865, 1
 5031304, 1
 5031944, 1
 5037247, 4
 5037248, 5
 5037388, 1
 5041553, 1

#Genome 85
Core
 5033061, 1

Accessory
 5030033, 1
 5030036, 1
 5030603, 1
 5030915, 1
 5031096, 1
 5031468, 1
 5031675, 1
 5031878, 1
 5032097, 1
 5032617, 1

#Genome 86
Core
 5033061, 1

Accessory
 5030032, 1
 5030033, 1
 5030634, 1
 5031036, 1
 5031468, 1
 5031503, 1
 5031878, 1
 5031945, 1
 5033218, 1
 5037247, 2
 5037248, 3

#Genome 87
Core
 5033061, 1

Accessory
 5030033, 1
 5030036, 1
 5030603, 1
 5030915, 1
 5031096, 1
 5031468, 1
 5031675, 1
 5031878, 1
 5032097, 1
 5032617, 1

#Genome 88
Core

Accessory
 5030038, 1
 5031944, 1
 5037325, 1
 5042531, 1

#Genome 89
Core

Accessory
 5030032, 1
 5030035, 1
 5030860, 1
 5031036, 1
 5033218, 1
 5035775, 1
 5035805, 1
 5036742, 1
 5036746, 1
 5036750, 1
 5037011, 1
 5037246, 4
 5037248, 4
 5040210, 1

#Genome 90
Core
 5034222, 1

Accessory
 5031943, 1
 5032836, 1
 5036315, 1

#Genome 91
Core
 5031135, 1
 5031776, 1
 5032957, 2
 5033061, 1
 5033487, 1
 5036075, 1

Accessory
 5029577, 1
 5030032, 1
 5031946, 1
 5032203, 1
 5032915, 1
 5033046, 1
 5033930, 1
 5034016, 1
 5034484, 1
 5034679, 1
 5036743, 2
 5036750, 1
 5036781, 1
 5036981, 1
 5038892, 1

#Genome 92
Core

Accessory
 5030033, 1
 5030034, 1
 5031532, 1
 5034484, 1
 5040913, 2

#Genome 93
Core
 5033061, 1

Accessory
 5030602, 1
 5030859, 1
 5031675, 1
 5031878, 1
 5031943, 1
 5032070, 1
 5034681, 1
 5036595, 3
 5036929, 1
 5037859, 2
 5037860, 2
 5043397, 3
 5043917, 3

#Genome 94
Core

Accessory
 5030033, 1
 5031293, 2
 5031294, 2
 5031945, 1
 5032443, 1
 5036534, 2
 5036535, 2

#Genome 95
Core

Accessory
 5030039, 1
 5030049, 1
 5030603, 1
 5031293, 1
 5031294, 1
 5033533, 1
 5036040, 1
 5037094, 1
 5041327, 1

#Genome 96
Core
 5032191, 1

Accessory
 5029630, 1
 5030032, 1
 5031093, 1
 5031416, 1
 5031878, 1
 5032097, 1
 5032617, 1
 5032836, 1
 5035677, 1
 5035776, 1
 5035804, 1
 5035824, 1

#Genome 97
Core

Accessory
 5031943, 1
 5032836, 1
 5036315, 1

#Genome 98
Core

Accessory
 5031352, 1
 5031489, 1
 5031943, 1
 5036565, 1
 5036801, 1
 5037859, 4
 5037860, 4
 5038703, 1

#Genome 99
Core
 5029791, 1

Accessory
 5030036, 1
 5030056, 1
 5030255, 1
 5030602, 1
 5031093, 1
 5031293, 1
 5031294, 1
 5031952, 1
 5033046, 1
 5033517, 1
 5036044, 1
 5039352, 2

#Genome 100
Core
 5032415, 1

Accessory
 5030032, 1
 5030520, 1
 5030528, 1
 5030860, 1
 5031094, 1
 5031241, 1
 5031943, 1
 5032654, 1
 5032659, 1
 5032836, 1
 5033046, 1
 5036315, 2
 5036587, 1
 5041004, 1

#Genome 101
Core

Accessory
 5030859, 1
 5031878, 1
 5031951, 1
 5032439, 1
 5036328, 1
 5037334, 1
 5045042, 1

#Genome 102
Core
 5030478, 1
 5030479, 1
 5030480, 1

Accessory
 5030033, 1
 5030036, 1
 5030464, 1
 5030466, 1
 5030468, 1
 5030476, 1
 5030484, 1
 5030487, 1
 5030489, 1
 5030497, 1
 5030511, 1
 5030515, 2
 5030860, 1
 5037246, 3
 5037249, 3
 5037708, 1
 5038480, 1
 5038591, 1
 5038842, 1

#Genome 103
Core
 5033061, 1

Accessory
 5030033, 1
 5030868, 1
 5031568, 1
 5031880, 1
 5031944, 1
 5033218, 1
 5033551, 1
 5034981, 1
 5036178, 1
 5037233, 1
 5037308, 1
 5038226, 1
 5038762, 1

#Genome 104
Core

Accessory
 5030954, 1
 5031478, 1
 5032617, 1
 5036743, 1
 5036931, 1
 5045663, 1

#Genome 105
Core
 5033063, 1

Accessory
 5029679, 1
 5030032, 1
 5030035, 1
 5030860, 1
 5031036, 1
 5033218, 1
 5035775, 1
 5036742, 1
 5036750, 1
 5037246, 4
 5037248, 4
 5040210, 1

#Genome 106
Core

Accessory
 5031569, 1
 5033644, 1
 5036979, 1
 5045694, 1
 5045719, 1

#Genome 107
Core
 5033014, 1
 5033239, 1

Accessory
 5030035, 1
 5030038, 1
 5030663, 1
 5031293, 2
 5031294, 2
 5031468, 1
 5031878, 1
 5031943, 1
 5032371, 1
 5033218, 1
 5036427, 1
 5036534, 2
 5036535, 2

#Genome 108
Core
 5033061, 1

Accessory
 5030033, 1
 5030036, 1
 5030603, 1
 5030915, 1
 5031096, 1
 5031468, 1
 5031675, 1
 5031878, 1
 5032097, 1
 5032617, 1

#Genome 109
Core

Accessory
 5029718, 1
 5031944, 1
 5032097, 1
 5032347, 1
 5033218, 1
 5036752, 1
 5037093, 1

#Genome 110
Core

Accessory
 5030036, 1
 5030459, 1
 5030603, 1
 5030865, 1
 5031103, 1
 5031311, 1
 5031328, 1
 5031878, 1
 5031944, 1
 5032178, 1
 5036534, 1
 5037768, 1
 5043922, 1

#Genome 111
Core

Accessory
 5030036, 1
 5031675, 1
 5031944, 1
 5033644, 1
 5036328, 1
 5038591, 1

#Genome 112
Core
 5033917, 1
 5033919, 1

Accessory
 5031943, 1
 5032836, 1
 5033916, 1
 5036315, 1

#Genome 113
Core
 5033053, 1

Accessory
 5031240, 1
 5032617, 1
 5033644, 1
 5035111, 1

#Genome 114
Core

Accessory
 5030032, 1
 5030863, 1
 5031293, 4
 5031294, 4
 5031631, 1
 5031878, 1
 5036424, 1
 5036534, 4
 5036535, 4
 5036565, 1

#Genome 115
Core
 5032012, 1
 5035675, 1

Accessory
 5030032, 1
 5031462, 1
 5031878, 1
 5031944, 1
 5032685, 1
 5032696, 1
 5033644, 1
 5035806, 1
 5036424, 1
 5036626, 1
 5037112, 1
 5043825, 1
 5046491, 1

#Genome 116
Core
 5033061, 1

Accessory
 5030032, 1
 5031093, 1
 5031680, 1
 5031683, 1
 5031946, 1
 5033542, 1
 5033930, 1
 5034892, 1
 5036743, 3
 5036750, 1
 5036781, 1
 5044659, 1

#Genome 117
Core

Accessory
 5031943, 1
 5032836, 1
 5036315, 1

#Genome 118
Core
 5033063, 1

Accessory
 5030033, 1
 5031946, 1
 5036458, 1
 5036981, 2
 5037246, 3
 5037248, 3
 5037854, 1

#Genome 119
Core
 5033494, 2
 5033528, 1
 5034299, 1

Accessory
 5030032, 1
 5030538, 1
 5030863, 1
 5031293, 4
 5031294, 4
 5031631, 1
 5031878, 1
 5033043, 1
 5033057, 1
 5036424, 1
 5036534, 4
 5036535, 4
 5036565, 1

#Genome 120
Core
 5030138, 1
 5031222, 1

Accessory
 5029878, 1
 5030033, 1
 5030867, 1
 5031475, 1
 5034655, 1
 5036328, 1
 5037437, 1
 5037859, 3
 5037860, 3
 5037885, 1
 5037907, 1

#Genome 121
Core

Accessory
 5031943, 1
 5032836, 1
 5036315, 1

#Genome 122
Core

Accessory
 5030032, 2
 5031305, 1
 5031331, 1
 5031943, 1
 5032836, 1
 5033533, 1
 5037096, 1

#Genome 123
Core
 5032637, 1
 5034571, 1

Accessory
 5030032, 1
 5030459, 1
 5031947, 1
 5036328, 2
 5038921, 1
 5038996, 1

#Genome 124
Core
 5032957, 1

Accessory
 5031943, 1
 5032836, 1
 5036315, 1

#Genome 125
Core
 5031982, 1
 5036246, 1

Accessory
 5029876, 1
 5029878, 1
 5030459, 1
 5031093, 1
 5031879, 1
 5031943, 1
 5032708, 1
 5033750, 1
 5034153, 1
 5035322, 1
 5036264, 1
 5036743, 2
 5036750, 2
 5037179, 1
 5037480, 1

#Genome 126
Core
 5033061, 1
 5034314, 1

Accessory
 5030033, 1
 5030036, 1
 5030603, 1
 5030915, 1
 5031096, 1
 5031468, 1
 5031675, 1
 5031878, 1
 5032097, 1
 5032617, 1

#Genome 127
Core

Accessory
 5031943, 1
 5032836, 1
 5033237, 1
 5033489, 1
 5036315, 1

#Genome 128
Core
 5033494, 1
 5036114, 1
 5036297, 1

Accessory
 5029435, 1
 5029879, 1
 5030033, 1
 5032206, 1
 5033462, 1
 5036743, 1
 5037664, 1

#Genome 129
Core

Accessory
 5030040, 1
 5030859, 1
 5031331, 1
 5031943, 1
 5032836, 1
 5036328, 1
 5036916, 1
 5037425, 1
 5037846, 1

#Genome 130
Core
 5033061, 1
 5035234, 1

Accessory
 5030424, 1
 5030602, 1
 5030859, 1
 5031675, 1
 5031878, 1
 5031943, 1
 5032070, 1
 5034681, 1
 5036595, 3
 5036929, 1
 5037859, 2
 5037860, 2
 5043397, 3
 5043917, 3

#Genome 131
Core

Accessory
 5031508, 1
 5036328, 2

#Genome 132
Core
 5032213, 1
 5034136, 1

Accessory
 5031094, 1
 5031943, 1
 5032836, 1
 5035677, 1
 5035678, 1
 5035714, 4
 5035721, 1

#Genome 133
Core
 5031776, 1

Accessory
 5030032, 1
 5030035, 1
 5030860, 1
 5031036, 1
 5032097, 1
 5033218, 1
 5035775, 1
 5035805, 1
 5036742, 1
 5036746, 1
 5036750, 1
 5037246, 4
 5037248, 4
 5040210, 1
 5040230, 1

#Genome 134
Core
 5033020, 1

Accessory
 5030038, 1
 5030602, 1
 5030914, 1
 5031944, 1
 5032439, 1
 5036426, 1
 5036978, 1
 5037112, 1
 5037736, 1
 5038636, 1

#Genome 135
Core

Accessory
 5030037, 1
 5031561, 1
 5031950, 1
 5036438, 1
 5038569, 1

#Genome 136
Core

Accessory
 5030605, 1
 5031886, 1
 5031944, 1
 5032648, 1
 5033046, 1
 5033181, 1
 5033218, 1
 5047226, 1

#Genome 137
Core

Accessory
 5030032, 1
 5030459, 1
 5035349, 1
 5037012, 1

#Genome 138
Core

Accessory
 5031943, 1
 5032836, 1
 5035348, 1
 5036315, 1

#Genome 139
Core
 5031982, 1

Accessory
 5029631, 1
 5029877, 1
 5031561, 1
 5031619, 1
 5031945, 1
 5035998, 1
 5037859, 6
 5037860, 6
 5039266, 1

#Genome 140
Core
 5029678, 1
 5031135, 1
 5031218, 1
 5032533, 1
 5032782, 1
 5032957, 1
 5035741, 1

Accessory
 5030032, 2
 5030873, 1
 5031878, 1
 5031953, 1
 5032267, 1
 5032439, 2
 5033621, 1
 5036424, 1
 5036597, 1
 5036742, 4
 5036750, 4
 5037736, 1

#Genome 141
Core
 5035675, 1

Accessory
 5030038, 1
 5030044, 1
 5031457, 1
 5031558, 2
 5031561, 2
 5031567, 2
 5031568, 2
 5031580, 1
 5031594, 1
 5031595, 1
 5031599, 1
 5031962, 1
 5034065, 1
 5038636, 3
 5038638, 1
 5039248, 3
 5039249, 2

#Genome 142
Core
 5033494, 2
 5034501, 1
 5036246, 1

Accessory
 5030042, 1
 5030603, 1
 5031095, 1
 5031675, 1
 5031944, 1
 5032438, 1
 5033532, 1
 5034683, 1
 5036328, 1
 5036424, 2
 5036755, 1
 5037011, 1
 5037246, 1
 5037248, 1
 5038048, 1
 5038831, 1

#Genome 143
Core
 5033128, 1
 5035213, 1

Accessory
 5030032, 1
 5030035, 1
 5030860, 1
 5031036, 1
 5033218, 1
 5035775, 1
 5035805, 1
 5036742, 1
 5036746, 1
 5036750, 1
 5037246, 4
 5037248, 4
 5040210, 1

#Genome 144
Core

Accessory
 5030035, 1
 5031561, 1
 5032997, 1
 5038569, 1
 5047127, 1

#Genome 145
Core
 5033061, 1

Accessory
 5030033, 1
 5030036, 1
 5030603, 1
 5030915, 1
 5031096, 1
 5031468, 1
 5031675, 1
 5031878, 1
 5032097, 1
 5032617, 1

#Genome 146
Core
 5034314, 1

Accessory
 5030602, 1
 5031943, 1
 5032407, 1
 5033039, 1
 5033218, 1

#Genome 147
Core
 5035263, 2
 5035269, 2

Accessory
 5030039, 2
 5030459, 1
 5030602, 1
 5031944, 1
 5032438, 1
 5036338, 1
 5037246, 4
 5037248, 4
 5037733, 1

#Genome 148
Core
 5032044, 1
 5033061, 1

Accessory
 5030032, 1
 5030035, 1
 5031944, 1
 5032648, 1
 5033218, 1
 5033533, 1
 5037246, 4
 5037248, 4
 5038265, 1
 5041909, 1

#Genome 149
Core
 5031135, 1

Accessory
 5030035, 1
 5030602, 1
 5031503, 1
 5044430, 1

#Genome 150
Core
 5033061, 1

Accessory
 5030032, 1
 5030602, 1
 5031298, 1
 5031951, 1
 5032725, 1
 5036742, 7
 5036750, 7
 5037246, 1
 5037248, 1
 5041552, 1

#Genome 151
Core
 5031982, 1
 5033927, 1
 5035047, 1

Accessory
 5030604, 1
 5031106, 1
 5031595, 1
 5031599, 1
 5031944, 1
 5032203, 1
 5032439, 1
 5032722, 1
 5032724, 2
 5033727, 1
 5033966, 1
 5035111, 1
 5036328, 1
 5036626, 1
 5036742, 3
 5036750, 3
 5037398, 1
 5038702, 1
 5047876, 1
 5048221, 1

#Genome 152
Core

Accessory
 5031093, 1
 5031241, 1
 5031943, 1
 5032836, 1
 5033954, 1
 5036272, 1
 5037376, 1

#Genome 153
Core

Accessory
 5030032, 1
 5030863, 1
 5031293, 4
 5031294, 4
 5031631, 1
 5031878, 1
 5032205, 1
 5036424, 1
 5036534, 4
 5036535, 4
 5036565, 1

#Genome 154
Core

Accessory
 5030032, 1
 5030037, 1
 5030889, 1
 5031095, 1
 5031477, 1
 5031950, 1
 5032097, 1
 5033218, 1
 5037247, 2
 5037248, 3
 5037296, 1
 5037305, 1
 5038569, 1
 5041553, 1

#Genome 155
Core
 5032957, 1
 5033061, 1

Accessory
 5030859, 2
 5031093, 1
 5032611, 1
 5033533, 1
 5033550, 1
 5033930, 1
 5034484, 1
 5036743, 2
 5036750, 1
 5036781, 1
 5044681, 1

#Genome 156
Core

Accessory
 5029453, 1
 5030035, 1
 5031561, 1
 5036424, 1
 5038569, 1

#Genome 157
Core

Accessory
 5031947, 1
 5036751, 1

#Genome 158
Core

Accessory
 5030040, 1
 5030859, 1
 5031943, 1
 5032836, 1
 5033756, 1

#Genome 159
Core
 5030213, 1
 5032044, 1
 5036246, 1

Accessory
 5030033, 1
 5031958, 1
 5033644, 1
 5035620, 1
 5036311, 1
 5038480, 1

#Genome 160
Core
 5032044, 1
 5035675, 1

Accessory
 5030033, 1
 5031095, 1
 5031878, 1
 5033315, 1
 5037246, 1
 5037249, 1

#Genome 161
Core
 5033061, 1

Accessory
 5030032, 1
 5030033, 1
 5030859, 1
 5030868, 1
 5031293, 4
 5031294, 4
 5032267, 1
 5033644, 1
 5034728, 1
 5036534, 4
 5036535, 4
 5037325, 1

#Genome 162
Core
 5033014, 1

Accessory
 5029819, 1
 5031036, 1
 5031308, 1
 5031944, 1
 5032097, 1
 5034681, 1
 5036742, 6
 5036750, 6
 5037002, 1
 5040715, 1

#Genome 163
Core
 5033061, 1

Accessory
 5030033, 1
 5030036, 1
 5030603, 1
 5030915, 1
 5031096, 1
 5031468, 1
 5031675, 1
 5031878, 1
 5032097, 1
 5032617, 1

#Genome 164
Core

Accessory
 5030033, 1
 5030079, 1
 5031946, 1
 5033533, 1
 5037846, 1

#Genome 165
Core

Accessory
 5030032, 1
 5030863, 1
 5031293, 5
 5031294, 5
 5031631, 1
 5031878, 1
 5034822, 1
 5036424, 1
 5036534, 5
 5036535, 5
 5036565, 1

#Genome 166
Core

Accessory
 5030032, 1
 5031305, 1
 5031331, 1
 5031943, 1
 5032836, 1
 5033533, 1
 5037096, 1

#Genome 167
Core
 5032488, 1
 5033063, 1

Accessory
 5030032, 1
 5030035, 1
 5030860, 1
 5031036, 1
 5033218, 1
 5035162, 1
 5035775, 1
 5036742, 1
 5036750, 1
 5037246, 4
 5037248, 4

#Genome 168
Core
 5033061, 1

Accessory
 5030033, 1
 5030036, 1
 5030603, 1
 5030915, 1
 5031096, 1
 5031468, 1
 5031675, 1
 5031878, 1
 5032097, 1
 5032617, 1

#Genome 169
Core
 5034640, 1

Accessory
 5030039, 1
 5030884, 1
 5031276, 1
 5033350, 1
 5033539, 1
 5033727, 1
 5036076, 1
 5037708, 1
 5038591, 1

#Genome 170
Core
 5034314, 1

Accessory
 5030038, 2
 5030872, 1
 5031094, 1
 5031561, 1
 5031943, 1
 5032440, 1

#Genome 171
Core

Accessory
 5031477, 1
 5031494, 1
 5031525, 1
 5035714, 1
 5037895, 1
 5042993, 1

#Genome 172
Core

Accessory
 5030032, 1
 5030874, 1
 5031798, 1
 5031946, 1
 5034892, 1
 5036743, 2
 5036781, 1
 5037859, 8
 5037860, 8

#Genome 173
Core

Accessory
 5030600, 1
 5031094, 1
 5032836, 1
 5033046, 1
 5033532, 1
 5037736, 1
 5038226, 1
 5038762, 1

#Genome 174
Core

Accessory
 5030032, 1
 5030863, 1
 5031182, 1
 5031293, 4
 5031294, 4
 5031631, 1
 5031715, 1
 5031878, 1
 5036424, 1
 5036534, 4
 5036535, 4
 5036565, 1
 5036583, 1

#Genome 175
Core
 5033128, 1
 5035271, 1
 5035771, 1

Accessory
 5029716, 1
 5031095, 1
 5031298, 1
 5031943, 1
 5036937, 1
 5037002, 1
 5037246, 1
 5037248, 1
 5042893, 1

#Genome 176
Core

Accessory
 5031943, 1
 5032836, 1
 5036315, 1

#Genome 177
Core

Accessory
 5031943, 1
 5032836, 1
 5035348, 1
 5036315, 1

#Genome 178
Core

Accessory
 5030915, 1
 5031675, 1
 5031881, 1
 5033533, 1
 5035530, 1
 5035586, 1
 5036307, 1

#Genome 179
Core

Accessory
 5031093, 1
 5031241, 1
 5031943, 1
 5032836, 1
 5036931, 1
 5041004, 1

#Genome 180
Core
 5031982, 1

Accessory
 5029877, 1
 5031561, 1
 5031619, 1
 5031945, 1
 5031963, 1
 5035998, 1
 5037859, 6
 5037860, 6
 5039266, 1

#Genome 181
Core
 5033011, 1
 5033014, 1
 5033020, 1
 5033036, 1
 5033037, 2

Accessory
 5030033, 1
 5030040, 1
 5031947, 1
 5033017, 1
 5033032, 1
 5033225, 1
 5034970, 1
 5036909, 1
 5037437, 1
 5040562, 1
 5045490, 1

#Genome 182
Core
 5030462, 1
 5030565, 1

Accessory
 5030033, 1
 5030036, 1
 5030603, 1
 5030915, 1
 5031386, 1
 5031468, 1
 5031675, 1
 5031878, 1
 5032097, 1
 5032267, 1
 5032617, 1

#Genome 183
Core

Accessory
 5030038, 1
 5030914, 2
 5031094, 1
 5031468, 1
 5031503, 1
 5031631, 1
 5033218, 1
 5037110, 1
 5037234, 1
 5037246, 1
 5037248, 1

#Genome 184
Core

Accessory
 5030602, 1
 5033954, 1

#Genome 185
Core
 5033061, 1

Accessory
 5030033, 1
 5030036, 1
 5030603, 1
 5030915, 1
 5031096, 1
 5031468, 1
 5031675, 1
 5031878, 1
 5032097, 1
 5032617, 1

#Genome 186
Core

Accessory
 5031361, 1
 5036424, 1
 5036781, 1
 5036929, 1
 5039312, 1

#Genome 187
Core
 5033014, 1

Accessory
 5031241, 1
 5031379, 1
 5032097, 1
 5032268, 1
 5032617, 1
 5036315, 1
 5036328, 1

#Genome 188
Core
 5031189, 1

Accessory
 5030032, 2
 5030602, 1
 5030859, 1
 5031878, 1
 5031950, 1
 5034029, 1
 5034357, 1
 5036175, 1
 5036424, 1
 5037325, 1

#Genome 189
Core
 5030457, 1

Accessory
 5029790, 1
 5030033, 1
 5030859, 1
 5031181, 1
 5031275, 1
 5031302, 1
 5031306, 1
 5031477, 1
 5031879, 1
 5031947, 1
 5032671, 1
 5036426, 1
 5036739, 1
 5036751, 1
 5037097, 1
 5037801, 1

#Genome 190
Core

Accessory
 5030035, 1
 5030042, 1
 5037859, 3
 5037860, 3

#Genome 191
Core
 5031982, 1
 5033061, 1

Accessory
 5030032, 1
 5030035, 1
 5030885, 1
 5031606, 1
 5031943, 1
 5033218, 1
 5036307, 1
 5047089, 1

#Genome 192
Core
 5031982, 1

Accessory
 5030566, 1
 5031475, 1
 5031945, 1
 5032438, 1
 5034484, 1
 5035823, 1
 5035907, 1

#Genome 193
Core

Accessory
 5029630, 1
 5030860, 1
 5031093, 1
 5031296, 1
 5031300, 1
 5031943, 1
 5032836, 1
 5034014, 1
 5036311, 1
 5037093, 1
 5038479, 1

#Genome 194
Core
 5030531, 1

Accessory
 5030032, 1
 5030035, 1
 5030810, 1
 5030860, 1
 5031036, 1
 5033218, 1
 5035162, 1
 5035775, 1
 5036742, 1
 5036750, 1
 5037246, 4
 5037248, 4
 5040210, 1

#Genome 195
Core

Accessory
 5031943, 1
 5032836, 1
 5036315, 1

#Genome 196
Core

Accessory
 5030033, 1
 5031946, 1
 5031992, 1
 5034016, 1
 5036315, 1
 5036743, 1
 5036781, 1
 5037859, 5
 5037860, 5

#Genome 197
Core
 5033239, 1
 5036078, 1

Accessory
 5030035, 1
 5030038, 1
 5031036, 1
 5031104, 1
 5031473, 4
 5031475, 4
 5031486, 1
 5032438, 4
 5032444, 3
 5036595, 3
 5038782, 1

#Genome 198
Core
 5031292, 1

Accessory
 5031943, 1
 5032836, 1
 5036315, 1

#Genome 199
Core

Accessory
 5030032, 1
 5030863, 1
 5031293, 5
 5031294, 5
 5031631, 1
 5031878, 1
 5036424, 1
 5036534, 5
 5036535, 5
 5036565, 1

#Genome 200
Core

Accessory
 5030036, 1
 5031675, 1
 5031944, 1
 5033548, 1
 5033644, 1
 5036328, 1
 5038591, 1

#Genome 201
Core
 5033919, 1

Accessory
 5029932, 1
 5030032, 1
 5030865, 1
 5031304, 1
 5031944, 1
 5034148, 1
 5034822, 1
 5035348, 1
 5037247, 4
 5037248, 5
 5037388, 1
 5041553, 1

#Genome 202
Core
 5032957, 1
 5033374, 1

Accessory
 5030032, 1
 5030863, 1
 5031276, 1
 5031293, 4
 5031294, 4
 5031631, 1
 5031878, 1
 5035187, 1
 5036424, 1
 5036534, 4
 5036535, 4
 5036565, 1

#Genome 203
Core

Accessory
 5031241, 2
 5031773, 1
 5031798, 1
 5031943, 1
 5032836, 1
 5036328, 1
 5037736, 1

#Genome 204
Core
 5030532, 1

Accessory
 5029582, 1
 5030033, 1
 5030893, 1
 5031632, 1
 5031945, 1
 5033154, 1
 5035239, 1
 5036427, 1
 5036781, 1
 5036800, 1
 5037127, 1
 5037708, 1
 5038808, 1

#Genome 205
Core

Accessory
 5029814, 1
 5029932, 1
 5030032, 1
 5030865, 1
 5031304, 1
 5031944, 1
 5032655, 1
 5037247, 5
 5037248, 6
 5037388, 1
 5041553, 1

#Genome 206
Core
 5031292, 1
 5032192, 1

Accessory
 5030032, 1
 5031093, 1
 5031361, 1
 5031946, 1
 5033930, 1
 5036743, 2
 5036750, 1
 5036781, 1

#Genome 207
Core
 5033061, 1

Accessory
 5031878, 1
 5034014, 1
 5036327, 1
 5039312, 1
 5048183, 1

#Genome 208
Core

Accessory
 5030035, 1
 5031878, 1
 5031943, 1
 5037136, 2
 5037143, 1
 5039150, 1
 5044107, 2

#Genome 209
Core
 5033061, 1

Accessory
 5030033, 1
 5030036, 1
 5030603, 1
 5030915, 1
 5031096, 1
 5031468, 1
 5031675, 1
 5031878, 1
 5032097, 1
 5032617, 1

#Genome 210
Core
 5030852, 1
 5030853, 1
 5035675, 1

Accessory
 5029683, 1
 5031095, 1
 5031216, 1
 5033533, 1
 5036425, 1
 5037246, 2
 5037249, 2

#Genome 211
Core

Accessory
 5030035, 1
 5030038, 2
 5030663, 1
 5031103, 1
 5031944, 1
 5033218, 1
 5033558, 1
 5034484, 1
 5036311, 1
 5036432, 1
 5037309, 1
 5037329, 1

#Genome 212
Core
 5031135, 1

Accessory
 5030032, 1
 5030033, 1
 5031094, 1
 5031946, 1
 5033046, 1
 5033536, 1
 5033954, 1
 5034016, 1
 5034681, 1
 5036743, 1
 5037859, 3
 5037860, 3
 5038086, 1
 5039020, 1

#Genome 213
Core

Accessory
 5029976, 1
 5031474, 6
 5031475, 6
 5043675, 1

#Genome 214
Core

Accessory
 5030040, 1
 5030859, 1
 5031943, 1
 5032836, 1
 5033756, 1

#Genome 215
Core
 5029791, 1
 5033061, 1

Accessory
 5030032, 1
 5030033, 1
 5031036, 1
 5031468, 1
 5031503, 1
 5031878, 1
 5031945, 1
 5032386, 1
 5032577, 1
 5033218, 1
 5035688, 1
 5037247, 2
 5037248, 3

#Genome 216
Core
 5030230, 1
 5031982, 2
 5034940, 1
 5035042, 1

Accessory
 5030039, 1
 5030594, 1
 5030860, 1
 5031093, 1
 5031241, 1
 5031943, 1
 5032683, 1
 5032836, 1
 5033046, 1
 5033227, 1
 5033488, 1
 5033533, 1
 5034046, 1
 5037664, 1

#Genome 217
Core
 5033917, 2

Accessory
 5030038, 1
 5033644, 1
 5039636, 1
 5039693, 1

#Genome 218
Core
 5030457, 2
 5032452, 1
 5035411, 1
 5035675, 1

Accessory
 5030032, 1
 5030041, 1
 5030859, 1
 5031878, 1
 5032205, 1
 5032337, 2
 5032346, 2
 5032347, 2
 5032398, 1
 5032405, 2
 5032650, 1
 5032837, 1
 5035806, 1
 5036306, 1
 5036425, 1
 5036430, 1
 5036594, 2
 5039992, 1
 5042183, 1
 5047400, 1
 5048663, 1

#Genome 219
Core

Accessory
 5029454, 1
 5030860, 1
 5030873, 1
 5031097, 1
 5031878, 1
 5031945, 1
 5032485, 1
 5032686, 1
 5033218, 1
 5036430, 1
 5036749, 2
 5036750, 2
 5037246, 2
 5037249, 3
 5044430, 1

#Genome 220
Core
 5034222, 1
 5036297, 1

Accessory
 5031943, 1
 5032836, 1
 5036315, 1

#Genome 221
Core

Accessory
 5030032, 1
 5031957, 1
 5035677, 1
 5036743, 1
 5037846, 1

#Genome 222
Core
 5032531, 1

Accessory
 5030032, 1
 5030863, 1
 5030960, 1
 5031229, 1
 5031293, 4
 5031294, 4
 5031631, 1
 5031878, 1
 5036424, 1
 5036534, 4
 5036535, 4
 5036565, 1

#Genome 223
Core

Accessory
 5030038, 1
 5030602, 1
 5031328, 1
 5033030, 1
 5033039, 1
 5044099, 1

#Genome 224
Core

Accessory
 5031352, 1
 5031468, 1
 5031474, 2
 5031475, 2
 5031476, 1
 5031477, 2
 5031519, 1
 5031525, 1
 5031543, 1
 5031649, 1
 5036567, 1
 5037407, 1
 5037878, 1
 5037881, 1
 5038060, 1
 5038065, 1
 5038067, 1
 5038831, 1
 5039373, 1

#Genome 225
Core
 5033063, 1

Accessory
 5029679, 1
 5030032, 1
 5030035, 1
 5030860, 1
 5031036, 1
 5033218, 1
 5035775, 1
 5036742, 1
 5036750, 1
 5037246, 4
 5037248, 4
 5040210, 1

#Genome 226
Core
 5031982, 1
 5032957, 1
 5036132, 1

Accessory
 5029451, 1
 5030032, 1
 5030577, 1
 5031093, 1
 5031471, 1
 5031477, 1
 5031943, 1
 5032836, 1
 5033218, 1
 5035587, 1
 5035677, 1
 5035824, 1
 5036328, 1
 5036931, 1
 5037859, 2
 5037860, 2

#Genome 227
Core
 5034222, 1

Accessory
 5031943, 1
 5032836, 1
 5036315, 1

#Genome 228
Core
 5033061, 1

Accessory
 5030033, 1
 5030036, 1
 5030603, 1
 5030915, 1
 5031096, 1
 5031468, 1
 5031675, 1
 5031878, 1
 5032097, 1
 5032617, 1

#Genome 229
Core

Accessory
 5030040, 1
 5030859, 1
 5031943, 1
 5032836, 1
 5033756, 1

#Genome 230
Core

Accessory
 5030040, 1
 5030602, 1
 5031241, 1
 5031647, 1
 5031943, 1
 5032836, 1
 5034014, 1
 5036328, 1
 5041961, 1

#Genome 231
Core
 5031222, 1
 5033061, 1
 5034143, 1

Accessory
 5030032, 1
 5030035, 1
 5031298, 1
 5036742, 12
 5036750, 11
 5037246, 1
 5037248, 1
 5041552, 1
 5041553, 1

#Genome 232
Core
 5034314, 1

Accessory
 5030033, 1
 5030042, 1
 5031111, 1
 5031293, 1
 5031294, 1
 5031508, 1
 5031945, 1
 5033047, 1
 5033218, 1
 5036534, 1
 5036535, 1

#Genome 233
Core
 5033063, 1

Accessory
 5029679, 1
 5030032, 1
 5030035, 1
 5030860, 1
 5031036, 1
 5033218, 1
 5035775, 1
 5036742, 1
 5036750, 1
 5037246, 4
 5037248, 4
 5040210, 1

#Genome 234
Core

Accessory
 5030032, 1
 5030033, 1
 5031946, 1
 5035022, 1
